InputFile created with GiD-SAFIR_2016 Interface
Safir_Static_3D_Analysis
Mesh_from_GID-Mesher

      NNODE     546
      NDIM    3
   NDOFMAX    7
    NCORES    4
   DYNAMIC   PURE_NR
     NLOAD    2
   OBLIQUE    0 
  COMEBACK 0.001
   NORENUM
      NMAT    3
  ELEMENTS
      BEAM    273     6
        NG 2
    NFIBER    440
  END_ELEM
     NODES
      NODE     1 1.57650000E+002 1.44700000E+002 0.00000000E+000
      NODE     2 1.57650000E+002 1.44700000E+002 9.60000000E-001
      NODE     3 1.57650000E+002 1.44700000E+002 1.92000000E+000
      NODE     4 1.57650000E+002 1.44700000E+002 2.88000000E+000
      NODE     5 1.57650000E+002 1.44700000E+002 3.84000000E+000
      NODE     6 1.57650000E+002 1.44700000E+002 4.80000000E+000
      NODE     7 1.57090000E+002 1.44700000E+002 4.80000000E+000
      NODE     8 1.57650000E+002 1.43625000E+002 4.80000000E+000
      NODE     9 1.57090000E+002 1.43625000E+002 4.80000000E+000
      NODE     10 1.56030000E+002 1.44700000E+002 4.80000000E+000
      NODE     11 1.56030000E+002 1.43625000E+002 4.80000000E+000
      NODE     12 1.57650000E+002 1.42550000E+002 4.80000000E+000
      NODE     13 1.57090000E+002 1.42550000E+002 4.80000000E+000
      NODE     14 1.54990000E+002 1.44700000E+002 4.80000000E+000
      NODE     15 1.56030000E+002 1.42550000E+002 4.80000000E+000
      NODE     16 1.54990000E+002 1.43625000E+002 4.80000000E+000
      NODE     17 1.54480000E+002 1.44700000E+002 4.80000000E+000
      NODE     18 1.57650000E+002 1.41475000E+002 4.80000000E+000
      NODE     19 1.57090000E+002 1.41475000E+002 4.80000000E+000
      NODE     20 1.51800000E+002 1.44700000E+002 0.00000000E+000
      NODE     21 1.54480000E+002 1.43625000E+002 4.80000000E+000
      NODE     22 1.54990000E+002 1.42550000E+002 4.80000000E+000
      NODE     23 1.51800000E+002 1.44700000E+002 9.60000000E-001
      NODE     24 1.56030000E+002 1.41475000E+002 4.80000000E+000
      NODE     25 1.54480000E+002 1.42550000E+002 4.80000000E+000
      NODE     26 1.51800000E+002 1.44700000E+002 1.92000000E+000
      NODE     27 1.54990000E+002 1.41475000E+002 4.80000000E+000
      NODE     28 1.53440000E+002 1.44700000E+002 4.80000000E+000
      NODE     29 1.57650000E+002 1.40400000E+002 4.80000000E+000
      NODE     30 1.57650000E+002 1.38250000E+002 0.00000000E+000
      NODE     31 1.57090000E+002 1.40400000E+002 4.80000000E+000
      NODE     32 1.53440000E+002 1.43625000E+002 4.80000000E+000
      NODE     33 1.51800000E+002 1.44700000E+002 2.88000000E+000
      NODE     34 1.57650000E+002 1.38250000E+002 9.60000000E-001
      NODE     35 1.54480000E+002 1.41475000E+002 4.80000000E+000
      NODE     36 1.56030000E+002 1.40400000E+002 4.80000000E+000
      NODE     37 1.57650000E+002 1.38250000E+002 1.92000000E+000
      NODE     38 1.53440000E+002 1.42550000E+002 4.80000000E+000
      NODE     39 1.54990000E+002 1.40400000E+002 4.80000000E+000
      NODE     40 1.51800000E+002 1.44700000E+002 3.84000000E+000
      NODE     41 1.57650000E+002 1.38250000E+002 2.88000000E+000
      NODE     42 1.52440000E+002 1.44700000E+002 4.80000000E+000
      NODE     43 1.53440000E+002 1.41475000E+002 4.80000000E+000
      NODE     44 1.52440000E+002 1.43625000E+002 4.80000000E+000
      NODE     45 1.54480000E+002 1.40400000E+002 4.80000000E+000
      NODE     46 1.57650000E+002 1.39325000E+002 4.80000000E+000
      NODE     47 1.57090000E+002 1.39325000E+002 4.80000000E+000
      NODE     48 1.56030000E+002 1.39325000E+002 4.80000000E+000
      NODE     49 1.52440000E+002 1.42550000E+002 4.80000000E+000
      NODE     50 1.57650000E+002 1.38250000E+002 3.84000000E+000
      NODE     51 1.51800000E+002 1.44700000E+002 4.80000000E+000
      NODE     52 1.51800000E+002 1.43625000E+002 4.80000000E+000
      NODE     53 1.54990000E+002 1.39325000E+002 4.80000000E+000
      NODE     54 1.53440000E+002 1.40400000E+002 4.80000000E+000
      NODE     55 1.52440000E+002 1.41475000E+002 4.80000000E+000
      NODE     56 1.51800000E+002 1.42550000E+002 4.80000000E+000
      NODE     57 1.54480000E+002 1.39325000E+002 4.80000000E+000
      NODE     58 1.51380000E+002 1.44700000E+002 4.80000000E+000
      NODE     59 1.51380000E+002 1.43625000E+002 4.80000000E+000
      NODE     60 1.57650000E+002 1.38250000E+002 4.80000000E+000
      NODE     61 1.57090000E+002 1.38250000E+002 4.80000000E+000
      NODE     62 1.51380000E+002 1.42550000E+002 4.80000000E+000
      NODE     63 1.56030000E+002 1.38250000E+002 4.80000000E+000
      NODE     64 1.51800000E+002 1.41475000E+002 4.80000000E+000
      NODE     65 1.50900000E+002 1.44700000E+002 4.80000000E+000
      NODE     66 1.52440000E+002 1.40400000E+002 4.80000000E+000
      NODE     67 1.53440000E+002 1.39325000E+002 4.80000000E+000
      NODE     68 1.54990000E+002 1.38250000E+002 4.80000000E+000
      NODE     69 1.51380000E+002 1.41475000E+002 4.80000000E+000
      NODE     70 1.54480000E+002 1.38250000E+002 4.80000000E+000
      NODE     71 1.51800000E+002 1.40400000E+002 4.80000000E+000
      NODE     72 1.51800000E+002 1.38250000E+002 0.00000000E+000
      NODE     73 1.50340000E+002 1.44700000E+002 4.80000000E+000
      NODE     74 1.51800000E+002 1.38250000E+002 9.60000000E-001
      NODE     75 1.50340000E+002 1.43625000E+002 4.80000000E+000
      NODE     76 1.52440000E+002 1.39325000E+002 4.80000000E+000
      NODE     77 1.51800000E+002 1.38250000E+002 1.92000000E+000
      NODE     78 1.57650000E+002 1.37175000E+002 4.80000000E+000
      NODE     79 1.57090000E+002 1.37175000E+002 4.80000000E+000
      NODE     80 1.51380000E+002 1.40400000E+002 4.80000000E+000
      NODE     81 1.50340000E+002 1.42550000E+002 4.80000000E+000
      NODE     82 1.56030000E+002 1.37175000E+002 4.80000000E+000
      NODE     83 1.53440000E+002 1.38250000E+002 4.80000000E+000
      NODE     84 1.51800000E+002 1.38250000E+002 2.88000000E+000
      NODE     85 1.51800000E+002 1.39325000E+002 4.80000000E+000
      NODE     86 1.54990000E+002 1.37175000E+002 4.80000000E+000
      NODE     87 1.50340000E+002 1.41475000E+002 4.80000000E+000
      NODE     88 1.54480000E+002 1.37175000E+002 4.80000000E+000
      NODE     89 1.51800000E+002 1.38250000E+002 3.84000000E+000
      NODE     90 1.51380000E+002 1.39325000E+002 4.80000000E+000
      NODE     91 1.52440000E+002 1.38250000E+002 4.80000000E+000
      NODE     92 1.49340000E+002 1.44700000E+002 4.80000000E+000
      NODE     93 1.49340000E+002 1.43625000E+002 4.80000000E+000
      NODE     94 1.50340000E+002 1.40400000E+002 4.80000000E+000
      NODE     95 1.49340000E+002 1.42550000E+002 4.80000000E+000
      NODE     96 1.57650000E+002 1.36100000E+002 4.80000000E+000
      NODE     97 1.57090000E+002 1.36100000E+002 4.80000000E+000
      NODE     98 1.53440000E+002 1.37175000E+002 4.80000000E+000
      NODE     99 1.51800000E+002 1.38250000E+002 4.80000000E+000
      NODE     100 1.56030000E+002 1.36100000E+002 4.80000000E+000
      NODE     101 1.49340000E+002 1.41475000E+002 4.80000000E+000
      NODE     102 1.51380000E+002 1.38250000E+002 4.80000000E+000
      NODE     103 1.54990000E+002 1.36100000E+002 4.80000000E+000
      NODE     104 1.50340000E+002 1.39325000E+002 4.80000000E+000
      NODE     105 1.52440000E+002 1.37175000E+002 4.80000000E+000
      NODE     106 1.54480000E+002 1.36100000E+002 4.80000000E+000
      NODE     107 1.50900000E+002 1.38250000E+002 4.80000000E+000
      NODE     108 1.49340000E+002 1.40400000E+002 4.80000000E+000
      NODE     109 1.48280000E+002 1.44700000E+002 4.80000000E+000
      NODE     110 1.48280000E+002 1.43625000E+002 4.80000000E+000
      NODE     111 1.51800000E+002 1.37175000E+002 4.80000000E+000
      NODE     112 1.53440000E+002 1.36100000E+002 4.80000000E+000
      NODE     113 1.48280000E+002 1.42550000E+002 4.80000000E+000
      NODE     114 1.57650000E+002 1.35025000E+002 4.80000000E+000
      NODE     115 1.57090000E+002 1.35025000E+002 4.80000000E+000
      NODE     116 1.50340000E+002 1.38250000E+002 4.80000000E+000
      NODE     117 1.51380000E+002 1.37175000E+002 4.80000000E+000
      NODE     118 1.56030000E+002 1.35025000E+002 4.80000000E+000
      NODE     119 1.49340000E+002 1.39325000E+002 4.80000000E+000
      NODE     120 1.48280000E+002 1.41475000E+002 4.80000000E+000
      NODE     121 1.54990000E+002 1.35025000E+002 4.80000000E+000
      NODE     122 1.52440000E+002 1.36100000E+002 4.80000000E+000
      NODE     123 1.54480000E+002 1.35025000E+002 4.80000000E+000
      NODE     124 1.48280000E+002 1.40400000E+002 4.80000000E+000
      NODE     125 1.51800000E+002 1.36100000E+002 4.80000000E+000
      NODE     126 1.47240000E+002 1.44700000E+002 4.80000000E+000
      NODE     127 1.47240000E+002 1.43625000E+002 4.80000000E+000
      NODE     128 1.50340000E+002 1.37175000E+002 4.80000000E+000
      NODE     129 1.49340000E+002 1.38250000E+002 4.80000000E+000
      NODE     130 1.53440000E+002 1.35025000E+002 4.80000000E+000
      NODE     131 1.47240000E+002 1.42550000E+002 4.80000000E+000
      NODE     132 1.51380000E+002 1.36100000E+002 4.80000000E+000
      NODE     133 1.45950000E+002 1.44700000E+002 0.00000000E+000
      NODE     134 1.45950000E+002 1.44700000E+002 9.60000000E-001
      NODE     135 1.57650000E+002 1.33950000E+002 4.80000000E+000
      NODE     136 1.57090000E+002 1.33950000E+002 4.80000000E+000
      NODE     137 1.46850000E+002 1.44700000E+002 4.80000000E+000
      NODE     138 1.48280000E+002 1.39325000E+002 4.80000000E+000
      NODE     139 1.45950000E+002 1.44700000E+002 1.92000000E+000
      NODE     140 1.56030000E+002 1.33950000E+002 4.80000000E+000
      NODE     141 1.47240000E+002 1.41475000E+002 4.80000000E+000
      NODE     142 1.52440000E+002 1.35025000E+002 4.80000000E+000
      NODE     143 1.45950000E+002 1.44700000E+002 2.88000000E+000
      NODE     144 1.54990000E+002 1.33950000E+002 4.80000000E+000
      NODE     145 1.54480000E+002 1.33950000E+002 4.80000000E+000
      NODE     146 1.49340000E+002 1.37175000E+002 4.80000000E+000
      NODE     147 1.47240000E+002 1.40400000E+002 4.80000000E+000
      NODE     148 1.50340000E+002 1.36100000E+002 4.80000000E+000
      NODE     149 1.51800000E+002 1.35025000E+002 4.80000000E+000
      NODE     150 1.45950000E+002 1.44700000E+002 3.84000000E+000
      NODE     151 1.48280000E+002 1.38250000E+002 4.80000000E+000
      NODE     152 1.46240000E+002 1.44700000E+002 4.80000000E+000
      NODE     153 1.46240000E+002 1.43625000E+002 4.80000000E+000
      NODE     154 1.51380000E+002 1.35025000E+002 4.80000000E+000
      NODE     155 1.53440000E+002 1.33950000E+002 4.80000000E+000
      NODE     156 1.46240000E+002 1.42550000E+002 4.80000000E+000
      NODE     157 1.45950000E+002 1.44700000E+002 4.80000000E+000
      NODE     158 1.47240000E+002 1.39325000E+002 4.80000000E+000
      NODE     159 1.45950000E+002 1.43625000E+002 4.80000000E+000
      NODE     160 1.57650000E+002 1.32875000E+002 4.80000000E+000
      NODE     161 1.57090000E+002 1.32875000E+002 4.80000000E+000
      NODE     162 1.46240000E+002 1.41475000E+002 4.80000000E+000
      NODE     163 1.45950000E+002 1.42550000E+002 4.80000000E+000
      NODE     164 1.56030000E+002 1.32875000E+002 4.80000000E+000
      NODE     165 1.52440000E+002 1.33950000E+002 4.80000000E+000
      NODE     166 1.49340000E+002 1.36100000E+002 4.80000000E+000
      NODE     167 1.57650000E+002 1.31800000E+002 0.00000000E+000
      NODE     168 1.57650000E+002 1.31800000E+002 9.60000000E-001
      NODE     169 1.48280000E+002 1.37175000E+002 4.80000000E+000
      NODE     170 1.54990000E+002 1.32875000E+002 4.80000000E+000
      NODE     171 1.50340000E+002 1.35025000E+002 4.80000000E+000
      NODE     172 1.57650000E+002 1.31800000E+002 1.92000000E+000
      NODE     173 1.45950000E+002 1.41475000E+002 4.80000000E+000
      NODE     174 1.46240000E+002 1.40400000E+002 4.80000000E+000
      NODE     175 1.51800000E+002 1.33950000E+002 4.80000000E+000
      NODE     176 1.54480000E+002 1.32875000E+002 4.80000000E+000
      NODE     177 1.47240000E+002 1.38250000E+002 4.80000000E+000
      NODE     178 1.57650000E+002 1.31800000E+002 2.88000000E+000
      NODE     179 1.51380000E+002 1.33950000E+002 4.80000000E+000
      NODE     180 1.45950000E+002 1.40400000E+002 4.80000000E+000
      NODE     181 1.45950000E+002 1.38250000E+002 0.00000000E+000
      NODE     182 1.45950000E+002 1.38250000E+002 9.60000000E-001
      NODE     183 1.53440000E+002 1.32875000E+002 4.80000000E+000
      NODE     184 1.57650000E+002 1.31800000E+002 3.84000000E+000
      NODE     185 1.46850000E+002 1.38250000E+002 4.80000000E+000
      NODE     186 1.46240000E+002 1.39325000E+002 4.80000000E+000
      NODE     187 1.45950000E+002 1.38250000E+002 1.92000000E+000
      NODE     188 1.48280000E+002 1.36100000E+002 4.80000000E+000
      NODE     189 1.49340000E+002 1.35025000E+002 4.80000000E+000
      NODE     190 1.45950000E+002 1.38250000E+002 2.88000000E+000
      NODE     191 1.47240000E+002 1.37175000E+002 4.80000000E+000
      NODE     192 1.45950000E+002 1.39325000E+002 4.80000000E+000
      NODE     193 1.57650000E+002 1.31800000E+002 4.80000000E+000
      NODE     194 1.57090000E+002 1.31800000E+002 4.80000000E+000
      NODE     195 1.52440000E+002 1.32875000E+002 4.80000000E+000
      NODE     196 1.50340000E+002 1.33950000E+002 4.80000000E+000
      NODE     197 1.56030000E+002 1.31800000E+002 4.80000000E+000
      NODE     198 1.45950000E+002 1.38250000E+002 3.84000000E+000
      NODE     199 1.46240000E+002 1.38250000E+002 4.80000000E+000
      NODE     200 1.54990000E+002 1.31800000E+002 4.80000000E+000
      NODE     201 1.51800000E+002 1.32875000E+002 4.80000000E+000
      NODE     202 1.54480000E+002 1.31800000E+002 4.80000000E+000
      NODE     203 1.51800000E+002 1.31800000E+002 0.00000000E+000
      NODE     204 1.45950000E+002 1.38250000E+002 4.80000000E+000
      NODE     205 1.51800000E+002 1.31800000E+002 9.60000000E-001
      NODE     206 1.51380000E+002 1.32875000E+002 4.80000000E+000
      NODE     207 1.51800000E+002 1.31800000E+002 1.92000000E+000
      NODE     208 1.48280000E+002 1.35025000E+002 4.80000000E+000
      NODE     209 1.47240000E+002 1.36100000E+002 4.80000000E+000
      NODE     210 1.53440000E+002 1.31800000E+002 4.80000000E+000
      NODE     211 1.49340000E+002 1.33950000E+002 4.80000000E+000
      NODE     212 1.51800000E+002 1.31800000E+002 2.88000000E+000
      NODE     213 1.46240000E+002 1.37175000E+002 4.80000000E+000
      NODE     214 1.51800000E+002 1.31800000E+002 3.84000000E+000
      NODE     215 1.50340000E+002 1.32875000E+002 4.80000000E+000
      NODE     216 1.45950000E+002 1.37175000E+002 4.80000000E+000
      NODE     217 1.52440000E+002 1.31800000E+002 4.80000000E+000
      NODE     218 1.51800000E+002 1.31800000E+002 4.80000000E+000
      NODE     219 1.47240000E+002 1.35025000E+002 4.80000000E+000
      NODE     220 1.48280000E+002 1.33950000E+002 4.80000000E+000
      NODE     221 1.46240000E+002 1.36100000E+002 4.80000000E+000
      NODE     222 1.51380000E+002 1.31800000E+002 4.80000000E+000
      NODE     223 1.49340000E+002 1.32875000E+002 4.80000000E+000
      NODE     224 1.45950000E+002 1.36100000E+002 4.80000000E+000
      NODE     225 1.50900000E+002 1.31800000E+002 4.80000000E+000
      NODE     226 1.50340000E+002 1.31800000E+002 4.80000000E+000
      NODE     227 1.46240000E+002 1.35025000E+002 4.80000000E+000
      NODE     228 1.47240000E+002 1.33950000E+002 4.80000000E+000
      NODE     229 1.48280000E+002 1.32875000E+002 4.80000000E+000
      NODE     230 1.45950000E+002 1.35025000E+002 4.80000000E+000
      NODE     231 1.49340000E+002 1.31800000E+002 4.80000000E+000
      NODE     232 1.46240000E+002 1.33950000E+002 4.80000000E+000
      NODE     233 1.47240000E+002 1.32875000E+002 4.80000000E+000
      NODE     234 1.45950000E+002 1.33950000E+002 4.80000000E+000
      NODE     235 1.48280000E+002 1.31800000E+002 4.80000000E+000
      NODE     236 1.46240000E+002 1.32875000E+002 4.80000000E+000
      NODE     237 1.47240000E+002 1.31800000E+002 4.80000000E+000
      NODE     238 1.45950000E+002 1.32875000E+002 4.80000000E+000
      NODE     239 1.45950000E+002 1.31800000E+002 0.00000000E+000
      NODE     240 1.45950000E+002 1.31800000E+002 9.60000000E-001
      NODE     241 1.46850000E+002 1.31800000E+002 4.80000000E+000
      NODE     242 1.45950000E+002 1.31800000E+002 1.92000000E+000
      NODE     243 1.45950000E+002 1.31800000E+002 2.88000000E+000
      NODE     244 1.45950000E+002 1.31800000E+002 3.84000000E+000
      NODE     245 1.46240000E+002 1.31800000E+002 4.80000000E+000
      NODE     246 1.45950000E+002 1.31800000E+002 4.80000000E+000
      NODE     247 1.45950000E+002 1.31800000E+002 4.80000000E-001
      NODE     248 1.45950000E+002 1.31800000E+002 1.44000000E+000
      NODE     249 1.45950000E+002 1.31800000E+002 2.40000000E+000
      NODE     250 1.45950000E+002 1.31800000E+002 3.36000000E+000
      NODE     251 1.45950000E+002 1.31800000E+002 4.32000000E+000
      NODE     252 1.45950000E+002 1.38250000E+002 4.80000000E-001
      NODE     253 1.45950000E+002 1.38250000E+002 1.44000000E+000
      NODE     254 1.45950000E+002 1.38250000E+002 2.40000000E+000
      NODE     255 1.45950000E+002 1.38250000E+002 3.36000000E+000
      NODE     256 1.45950000E+002 1.38250000E+002 4.32000000E+000
      NODE     257 1.45950000E+002 1.44700000E+002 4.80000000E-001
      NODE     258 1.45950000E+002 1.44700000E+002 1.44000000E+000
      NODE     259 1.45950000E+002 1.44700000E+002 2.40000000E+000
      NODE     260 1.45950000E+002 1.44700000E+002 3.36000000E+000
      NODE     261 1.45950000E+002 1.44700000E+002 4.32000000E+000
      NODE     262 1.51800000E+002 1.31800000E+002 4.80000000E-001
      NODE     263 1.51800000E+002 1.31800000E+002 1.44000000E+000
      NODE     264 1.51800000E+002 1.31800000E+002 2.40000000E+000
      NODE     265 1.51800000E+002 1.31800000E+002 3.36000000E+000
      NODE     266 1.51800000E+002 1.31800000E+002 4.32000000E+000
      NODE     267 1.51800000E+002 1.38250000E+002 4.80000000E-001
      NODE     268 1.51800000E+002 1.38250000E+002 1.44000000E+000
      NODE     269 1.51800000E+002 1.38250000E+002 2.40000000E+000
      NODE     270 1.51800000E+002 1.38250000E+002 3.36000000E+000
      NODE     271 1.51800000E+002 1.38250000E+002 4.32000000E+000
      NODE     272 1.51800000E+002 1.44700000E+002 4.80000000E-001
      NODE     273 1.51800000E+002 1.44700000E+002 1.44000000E+000
      NODE     274 1.51800000E+002 1.44700000E+002 2.40000000E+000
      NODE     275 1.51800000E+002 1.44700000E+002 3.36000000E+000
      NODE     276 1.51800000E+002 1.44700000E+002 4.32000000E+000
      NODE     277 1.57650000E+002 1.31800000E+002 4.80000000E-001
      NODE     278 1.57650000E+002 1.31800000E+002 1.44000000E+000
      NODE     279 1.57650000E+002 1.31800000E+002 2.40000000E+000
      NODE     280 1.57650000E+002 1.31800000E+002 3.36000000E+000
      NODE     281 1.57650000E+002 1.31800000E+002 4.32000000E+000
      NODE     282 1.57650000E+002 1.38250000E+002 4.80000000E-001
      NODE     283 1.57650000E+002 1.38250000E+002 1.44000000E+000
      NODE     284 1.57650000E+002 1.38250000E+002 2.40000000E+000
      NODE     285 1.57650000E+002 1.38250000E+002 3.36000000E+000
      NODE     286 1.57650000E+002 1.38250000E+002 4.32000000E+000
      NODE     287 1.57650000E+002 1.44700000E+002 4.80000000E-001
      NODE     288 1.57650000E+002 1.44700000E+002 1.44000000E+000
      NODE     289 1.57650000E+002 1.44700000E+002 2.40000000E+000
      NODE     290 1.57650000E+002 1.44700000E+002 3.36000000E+000
      NODE     291 1.57650000E+002 1.44700000E+002 4.32000000E+000
      NODE     292 1.46240000E+002 1.44162500E+002 4.80000000E+000
      NODE     293 1.46240000E+002 1.43087500E+002 4.80000000E+000
      NODE     294 1.46240000E+002 1.42012500E+002 4.80000000E+000
      NODE     295 1.46240000E+002 1.40937500E+002 4.80000000E+000
      NODE     296 1.46240000E+002 1.39862500E+002 4.80000000E+000
      NODE     297 1.46240000E+002 1.38787500E+002 4.80000000E+000
      NODE     298 1.47240000E+002 1.44162500E+002 4.80000000E+000
      NODE     299 1.47240000E+002 1.43087500E+002 4.80000000E+000
      NODE     300 1.47240000E+002 1.42012500E+002 4.80000000E+000
      NODE     301 1.47240000E+002 1.40937500E+002 4.80000000E+000
      NODE     302 1.47240000E+002 1.39862500E+002 4.80000000E+000
      NODE     303 1.47240000E+002 1.38787500E+002 4.80000000E+000
      NODE     304 1.48280000E+002 1.44162500E+002 4.80000000E+000
      NODE     305 1.48280000E+002 1.43087500E+002 4.80000000E+000
      NODE     306 1.48280000E+002 1.42012500E+002 4.80000000E+000
      NODE     307 1.48280000E+002 1.40937500E+002 4.80000000E+000
      NODE     308 1.48280000E+002 1.39862500E+002 4.80000000E+000
      NODE     309 1.48280000E+002 1.38787500E+002 4.80000000E+000
      NODE     310 1.49340000E+002 1.44162500E+002 4.80000000E+000
      NODE     311 1.49340000E+002 1.43087500E+002 4.80000000E+000
      NODE     312 1.49340000E+002 1.42012500E+002 4.80000000E+000
      NODE     313 1.49340000E+002 1.40937500E+002 4.80000000E+000
      NODE     314 1.49340000E+002 1.39862500E+002 4.80000000E+000
      NODE     315 1.49340000E+002 1.38787500E+002 4.80000000E+000
      NODE     316 1.50340000E+002 1.44162500E+002 4.80000000E+000
      NODE     317 1.50340000E+002 1.43087500E+002 4.80000000E+000
      NODE     318 1.50340000E+002 1.42012500E+002 4.80000000E+000
      NODE     319 1.50340000E+002 1.40937500E+002 4.80000000E+000
      NODE     320 1.50340000E+002 1.39862500E+002 4.80000000E+000
      NODE     321 1.50340000E+002 1.38787500E+002 4.80000000E+000
      NODE     322 1.51380000E+002 1.44162500E+002 4.80000000E+000
      NODE     323 1.51380000E+002 1.43087500E+002 4.80000000E+000
      NODE     324 1.51380000E+002 1.42012500E+002 4.80000000E+000
      NODE     325 1.51380000E+002 1.40937500E+002 4.80000000E+000
      NODE     326 1.51380000E+002 1.39862500E+002 4.80000000E+000
      NODE     327 1.51380000E+002 1.38787500E+002 4.80000000E+000
      NODE     328 1.52440000E+002 1.44162500E+002 4.80000000E+000
      NODE     329 1.52440000E+002 1.43087500E+002 4.80000000E+000
      NODE     330 1.52440000E+002 1.42012500E+002 4.80000000E+000
      NODE     331 1.52440000E+002 1.40937500E+002 4.80000000E+000
      NODE     332 1.52440000E+002 1.39862500E+002 4.80000000E+000
      NODE     333 1.52440000E+002 1.38787500E+002 4.80000000E+000
      NODE     334 1.53440000E+002 1.44162500E+002 4.80000000E+000
      NODE     335 1.53440000E+002 1.43087500E+002 4.80000000E+000
      NODE     336 1.53440000E+002 1.42012500E+002 4.80000000E+000
      NODE     337 1.53440000E+002 1.40937500E+002 4.80000000E+000
      NODE     338 1.53440000E+002 1.39862500E+002 4.80000000E+000
      NODE     339 1.53440000E+002 1.38787500E+002 4.80000000E+000
      NODE     340 1.54480000E+002 1.44162500E+002 4.80000000E+000
      NODE     341 1.54480000E+002 1.43087500E+002 4.80000000E+000
      NODE     342 1.54480000E+002 1.42012500E+002 4.80000000E+000
      NODE     343 1.54480000E+002 1.40937500E+002 4.80000000E+000
      NODE     344 1.54480000E+002 1.39862500E+002 4.80000000E+000
      NODE     345 1.54480000E+002 1.38787500E+002 4.80000000E+000
      NODE     346 1.54990000E+002 1.44162500E+002 4.80000000E+000
      NODE     347 1.54990000E+002 1.43087500E+002 4.80000000E+000
      NODE     348 1.54990000E+002 1.42012500E+002 4.80000000E+000
      NODE     349 1.54990000E+002 1.40937500E+002 4.80000000E+000
      NODE     350 1.54990000E+002 1.39862500E+002 4.80000000E+000
      NODE     351 1.54990000E+002 1.38787500E+002 4.80000000E+000
      NODE     352 1.56030000E+002 1.44162500E+002 4.80000000E+000
      NODE     353 1.56030000E+002 1.43087500E+002 4.80000000E+000
      NODE     354 1.56030000E+002 1.42012500E+002 4.80000000E+000
      NODE     355 1.56030000E+002 1.40937500E+002 4.80000000E+000
      NODE     356 1.56030000E+002 1.39862500E+002 4.80000000E+000
      NODE     357 1.56030000E+002 1.38787500E+002 4.80000000E+000
      NODE     358 1.57090000E+002 1.44162500E+002 4.80000000E+000
      NODE     359 1.57090000E+002 1.43087500E+002 4.80000000E+000
      NODE     360 1.57090000E+002 1.42012500E+002 4.80000000E+000
      NODE     361 1.57090000E+002 1.40937500E+002 4.80000000E+000
      NODE     362 1.57090000E+002 1.39862500E+002 4.80000000E+000
      NODE     363 1.57090000E+002 1.38787500E+002 4.80000000E+000
      NODE     364 1.46240000E+002 1.37712500E+002 4.80000000E+000
      NODE     365 1.46240000E+002 1.36637500E+002 4.80000000E+000
      NODE     366 1.46240000E+002 1.35562500E+002 4.80000000E+000
      NODE     367 1.46240000E+002 1.34487500E+002 4.80000000E+000
      NODE     368 1.46240000E+002 1.33412500E+002 4.80000000E+000
      NODE     369 1.46240000E+002 1.32337500E+002 4.80000000E+000
      NODE     370 1.47240000E+002 1.37712500E+002 4.80000000E+000
      NODE     371 1.47240000E+002 1.36637500E+002 4.80000000E+000
      NODE     372 1.47240000E+002 1.35562500E+002 4.80000000E+000
      NODE     373 1.47240000E+002 1.34487500E+002 4.80000000E+000
      NODE     374 1.47240000E+002 1.33412500E+002 4.80000000E+000
      NODE     375 1.47240000E+002 1.32337500E+002 4.80000000E+000
      NODE     376 1.48280000E+002 1.37712500E+002 4.80000000E+000
      NODE     377 1.48280000E+002 1.36637500E+002 4.80000000E+000
      NODE     378 1.48280000E+002 1.35562500E+002 4.80000000E+000
      NODE     379 1.48280000E+002 1.34487500E+002 4.80000000E+000
      NODE     380 1.48280000E+002 1.33412500E+002 4.80000000E+000
      NODE     381 1.48280000E+002 1.32337500E+002 4.80000000E+000
      NODE     382 1.49340000E+002 1.37712500E+002 4.80000000E+000
      NODE     383 1.49340000E+002 1.36637500E+002 4.80000000E+000
      NODE     384 1.49340000E+002 1.35562500E+002 4.80000000E+000
      NODE     385 1.49340000E+002 1.34487500E+002 4.80000000E+000
      NODE     386 1.49340000E+002 1.33412500E+002 4.80000000E+000
      NODE     387 1.49340000E+002 1.32337500E+002 4.80000000E+000
      NODE     388 1.50340000E+002 1.37712500E+002 4.80000000E+000
      NODE     389 1.50340000E+002 1.36637500E+002 4.80000000E+000
      NODE     390 1.50340000E+002 1.35562500E+002 4.80000000E+000
      NODE     391 1.50340000E+002 1.34487500E+002 4.80000000E+000
      NODE     392 1.50340000E+002 1.33412500E+002 4.80000000E+000
      NODE     393 1.50340000E+002 1.32337500E+002 4.80000000E+000
      NODE     394 1.51380000E+002 1.37712500E+002 4.80000000E+000
      NODE     395 1.51380000E+002 1.36637500E+002 4.80000000E+000
      NODE     396 1.51380000E+002 1.35562500E+002 4.80000000E+000
      NODE     397 1.51380000E+002 1.34487500E+002 4.80000000E+000
      NODE     398 1.51380000E+002 1.33412500E+002 4.80000000E+000
      NODE     399 1.51380000E+002 1.32337500E+002 4.80000000E+000
      NODE     400 1.52440000E+002 1.37712500E+002 4.80000000E+000
      NODE     401 1.52440000E+002 1.36637500E+002 4.80000000E+000
      NODE     402 1.52440000E+002 1.35562500E+002 4.80000000E+000
      NODE     403 1.52440000E+002 1.34487500E+002 4.80000000E+000
      NODE     404 1.52440000E+002 1.33412500E+002 4.80000000E+000
      NODE     405 1.52440000E+002 1.32337500E+002 4.80000000E+000
      NODE     406 1.53440000E+002 1.37712500E+002 4.80000000E+000
      NODE     407 1.53440000E+002 1.36637500E+002 4.80000000E+000
      NODE     408 1.53440000E+002 1.35562500E+002 4.80000000E+000
      NODE     409 1.53440000E+002 1.34487500E+002 4.80000000E+000
      NODE     410 1.53440000E+002 1.33412500E+002 4.80000000E+000
      NODE     411 1.53440000E+002 1.32337500E+002 4.80000000E+000
      NODE     412 1.54480000E+002 1.37712500E+002 4.80000000E+000
      NODE     413 1.54480000E+002 1.36637500E+002 4.80000000E+000
      NODE     414 1.54480000E+002 1.35562500E+002 4.80000000E+000
      NODE     415 1.54480000E+002 1.34487500E+002 4.80000000E+000
      NODE     416 1.54480000E+002 1.33412500E+002 4.80000000E+000
      NODE     417 1.54480000E+002 1.32337500E+002 4.80000000E+000
      NODE     418 1.54990000E+002 1.37712500E+002 4.80000000E+000
      NODE     419 1.54990000E+002 1.36637500E+002 4.80000000E+000
      NODE     420 1.54990000E+002 1.35562500E+002 4.80000000E+000
      NODE     421 1.54990000E+002 1.34487500E+002 4.80000000E+000
      NODE     422 1.54990000E+002 1.33412500E+002 4.80000000E+000
      NODE     423 1.54990000E+002 1.32337500E+002 4.80000000E+000
      NODE     424 1.56030000E+002 1.37712500E+002 4.80000000E+000
      NODE     425 1.56030000E+002 1.36637500E+002 4.80000000E+000
      NODE     426 1.56030000E+002 1.35562500E+002 4.80000000E+000
      NODE     427 1.56030000E+002 1.34487500E+002 4.80000000E+000
      NODE     428 1.56030000E+002 1.33412500E+002 4.80000000E+000
      NODE     429 1.56030000E+002 1.32337500E+002 4.80000000E+000
      NODE     430 1.57090000E+002 1.37712500E+002 4.80000000E+000
      NODE     431 1.57090000E+002 1.36637500E+002 4.80000000E+000
      NODE     432 1.57090000E+002 1.35562500E+002 4.80000000E+000
      NODE     433 1.57090000E+002 1.34487500E+002 4.80000000E+000
      NODE     434 1.57090000E+002 1.33412500E+002 4.80000000E+000
      NODE     435 1.57090000E+002 1.32337500E+002 4.80000000E+000
      NODE     436 1.45950000E+002 1.44162500E+002 4.80000000E+000
      NODE     437 1.45950000E+002 1.43087500E+002 4.80000000E+000
      NODE     438 1.45950000E+002 1.42012500E+002 4.80000000E+000
      NODE     439 1.45950000E+002 1.40937500E+002 4.80000000E+000
      NODE     440 1.45950000E+002 1.39862500E+002 4.80000000E+000
      NODE     441 1.45950000E+002 1.38787500E+002 4.80000000E+000
      NODE     442 1.51800000E+002 1.44162500E+002 4.80000000E+000
      NODE     443 1.51800000E+002 1.43087500E+002 4.80000000E+000
      NODE     444 1.51800000E+002 1.42012500E+002 4.80000000E+000
      NODE     445 1.51800000E+002 1.40937500E+002 4.80000000E+000
      NODE     446 1.51800000E+002 1.39862500E+002 4.80000000E+000
      NODE     447 1.51800000E+002 1.38787500E+002 4.80000000E+000
      NODE     448 1.57650000E+002 1.44162500E+002 4.80000000E+000
      NODE     449 1.57650000E+002 1.43087500E+002 4.80000000E+000
      NODE     450 1.57650000E+002 1.42012500E+002 4.80000000E+000
      NODE     451 1.57650000E+002 1.40937500E+002 4.80000000E+000
      NODE     452 1.57650000E+002 1.39862500E+002 4.80000000E+000
      NODE     453 1.57650000E+002 1.38787500E+002 4.80000000E+000
      NODE     454 1.45950000E+002 1.32337500E+002 4.80000000E+000
      NODE     455 1.45950000E+002 1.33412500E+002 4.80000000E+000
      NODE     456 1.45950000E+002 1.34487500E+002 4.80000000E+000
      NODE     457 1.45950000E+002 1.35562500E+002 4.80000000E+000
      NODE     458 1.45950000E+002 1.36637500E+002 4.80000000E+000
      NODE     459 1.45950000E+002 1.37712500E+002 4.80000000E+000
      NODE     460 1.57650000E+002 1.32337500E+002 4.80000000E+000
      NODE     461 1.57650000E+002 1.33412500E+002 4.80000000E+000
      NODE     462 1.57650000E+002 1.34487500E+002 4.80000000E+000
      NODE     463 1.57650000E+002 1.35562500E+002 4.80000000E+000
      NODE     464 1.57650000E+002 1.36637500E+002 4.80000000E+000
      NODE     465 1.57650000E+002 1.37712500E+002 4.80000000E+000
      NODE     466 1.51800000E+002 1.32337500E+002 4.80000000E+000
      NODE     467 1.51800000E+002 1.33412500E+002 4.80000000E+000
      NODE     468 1.51800000E+002 1.34487500E+002 4.80000000E+000
      NODE     469 1.51800000E+002 1.35562500E+002 4.80000000E+000
      NODE     470 1.51800000E+002 1.36637500E+002 4.80000000E+000
      NODE     471 1.51800000E+002 1.37712500E+002 4.80000000E+000
      NODE     472 1.46095000E+002 1.44700000E+002 4.80000000E+000
      NODE     473 1.46545000E+002 1.44700000E+002 4.80000000E+000
      NODE     474 1.46095000E+002 1.38250000E+002 4.80000000E+000
      NODE     475 1.46545000E+002 1.38250000E+002 4.80000000E+000
      NODE     476 1.46095000E+002 1.31800000E+002 4.80000000E+000
      NODE     477 1.46545000E+002 1.31800000E+002 4.80000000E+000
      NODE     478 1.47045000E+002 1.44700000E+002 4.80000000E+000
      NODE     479 1.47045000E+002 1.38250000E+002 4.80000000E+000
      NODE     480 1.47045000E+002 1.31800000E+002 4.80000000E+000
      NODE     481 1.47760000E+002 1.44700000E+002 4.80000000E+000
      NODE     482 1.47760000E+002 1.38250000E+002 4.80000000E+000
      NODE     483 1.47760000E+002 1.31800000E+002 4.80000000E+000
      NODE     484 1.48810000E+002 1.44700000E+002 4.80000000E+000
      NODE     485 1.48810000E+002 1.38250000E+002 4.80000000E+000
      NODE     486 1.48810000E+002 1.31800000E+002 4.80000000E+000
      NODE     487 1.49840000E+002 1.44700000E+002 4.80000000E+000
      NODE     488 1.50620000E+002 1.44700000E+002 4.80000000E+000
      NODE     489 1.49840000E+002 1.38250000E+002 4.80000000E+000
      NODE     490 1.50620000E+002 1.38250000E+002 4.80000000E+000
      NODE     491 1.49840000E+002 1.31800000E+002 4.80000000E+000
      NODE     492 1.50620000E+002 1.31800000E+002 4.80000000E+000
      NODE     493 1.51140000E+002 1.44700000E+002 4.80000000E+000
      NODE     494 1.51590000E+002 1.44700000E+002 4.80000000E+000
      NODE     495 1.51140000E+002 1.38250000E+002 4.80000000E+000
      NODE     496 1.51590000E+002 1.38250000E+002 4.80000000E+000
      NODE     497 1.51140000E+002 1.31800000E+002 4.80000000E+000
      NODE     498 1.51590000E+002 1.31800000E+002 4.80000000E+000
      NODE     499 1.52120000E+002 1.44700000E+002 4.80000000E+000
      NODE     500 1.52120000E+002 1.38250000E+002 4.80000000E+000
      NODE     501 1.52120000E+002 1.31800000E+002 4.80000000E+000
      NODE     502 1.52940000E+002 1.44700000E+002 4.80000000E+000
      NODE     503 1.52940000E+002 1.38250000E+002 4.80000000E+000
      NODE     504 1.52940000E+002 1.31800000E+002 4.80000000E+000
      NODE     505 1.53960000E+002 1.44700000E+002 4.80000000E+000
      NODE     506 1.54735000E+002 1.44700000E+002 4.80000000E+000
      NODE     507 1.53960000E+002 1.38250000E+002 4.80000000E+000
      NODE     508 1.54735000E+002 1.38250000E+002 4.80000000E+000
      NODE     509 1.53960000E+002 1.31800000E+002 4.80000000E+000
      NODE     510 1.54735000E+002 1.31800000E+002 4.80000000E+000
      NODE     511 1.57370000E+002 1.44700000E+002 4.80000000E+000
      NODE     512 1.57370000E+002 1.38250000E+002 4.80000000E+000
      NODE     513 1.57370000E+002 1.31800000E+002 4.80000000E+000
      NODE     514 1.55510000E+002 1.44700000E+002 4.80000000E+000
      NODE     515 1.56560000E+002 1.44700000E+002 4.80000000E+000
      NODE     516 1.55510000E+002 1.38250000E+002 4.80000000E+000
      NODE     517 1.56560000E+002 1.38250000E+002 4.80000000E+000
      NODE     518 1.55510000E+002 1.31800000E+002 4.80000000E+000
      NODE     519 1.56560000E+002 1.31800000E+002 4.80000000E+000
      NODE     520 1.44950000E+002 1.31800000E+002 4.80000000E-001
      NODE     521 1.44950000E+002 1.38250000E+002 4.80000000E-001
      NODE     522 1.44950000E+002 1.44700000E+002 4.80000000E-001
      NODE     523 1.50800000E+002 1.31800000E+002 4.80000000E-001
      NODE     524 1.50800000E+002 1.38250000E+002 4.80000000E-001
      NODE     525 1.50800000E+002 1.44700000E+002 4.80000000E-001
      NODE     526 1.56650000E+002 1.31800000E+002 4.80000000E-001
      NODE     527 1.56650000E+002 1.38250000E+002 4.80000000E-001
      NODE     528 1.56650000E+002 1.44700000E+002 4.80000000E-001
      NODE     529 1.46240000E+002 1.44162500E+002 5.80000000E+000
      NODE     530 1.47240000E+002 1.44162500E+002 5.80000000E+000
      NODE     531 1.48280000E+002 1.44162500E+002 5.80000000E+000
      NODE     532 1.49340000E+002 1.44162500E+002 5.80000000E+000
      NODE     533 1.50340000E+002 1.44162500E+002 5.80000000E+000
      NODE     534 1.51380000E+002 1.44162500E+002 5.80000000E+000
      NODE     535 1.52440000E+002 1.44162500E+002 5.80000000E+000
      NODE     536 1.53440000E+002 1.44162500E+002 5.80000000E+000
      NODE     537 1.54480000E+002 1.44162500E+002 5.80000000E+000
      NODE     538 1.54990000E+002 1.44162500E+002 5.80000000E+000
      NODE     539 1.56030000E+002 1.44162500E+002 5.80000000E+000
      NODE     540 1.57090000E+002 1.44162500E+002 5.80000000E+000
      NODE     541 1.45950000E+002 1.44162500E+002 5.80000000E+000
      NODE     542 1.51800000E+002 1.44162500E+002 5.80000000E+000
      NODE     543 1.57650000E+002 1.44162500E+002 5.80000000E+000
      NODE     544 1.46095000E+002 1.44700000E+002 5.80000000E+000
      NODE     545 1.46095000E+002 1.38250000E+002 5.80000000E+000
      NODE     546 1.46095000E+002 1.31800000E+002 5.80000000E+000
 FIXATIONS
     BLOCK     1   F0   F0   F0   F0   F0   F0   NO
     BLOCK    20   F0   F0   F0   F0   F0   F0   NO
     BLOCK    30   F0   F0   F0   F0   F0   F0   NO
     BLOCK    72   F0   F0   F0   F0   F0   F0   NO
     BLOCK   133   F0   F0   F0   F0   F0   F0   NO
     BLOCK   167   F0   F0   F0   F0   F0   F0   NO
     BLOCK   181   F0   F0   F0   F0   F0   F0   NO
     BLOCK   203   F0   F0   F0   F0   F0   F0   NO
     BLOCK   239   F0   F0   F0   F0   F0   F0   NO
   END_FIX
 NODOFBEAM
rro200x300x6.tem
 TRANSLATE    1    2
END_TRANS
1t450sp40.tem
 TRANSLATE    1    3
END_TRANS
t250sp40.tem
 TRANSLATE    1    3
END_TRANS
2t250sp40.tem
 TRANSLATE    1    3
END_TRANS
t450sp50.tem
 TRANSLATE    1    3
END_TRANS
t450sp30.tem
 TRANSLATE    1    3
END_TRANS
      ELEM   1    239    247    240    520    1
      ELEM   2    240    248    242    520    1
      ELEM   3    242    249    243    520    1
      ELEM   4    243    250    244    520    1
      ELEM   5    244    251    246    520    1
      ELEM   6    181    252    182    521    1
      ELEM   7    182    253    187    521    1
      ELEM   8    187    254    190    521    1
      ELEM   9    190    255    198    521    1
      ELEM   10    198    256    204    521    1
      ELEM   11    133    257    134    522    1
      ELEM   12    134    258    139    522    1
      ELEM   13    139    259    143    522    1
      ELEM   14    143    260    150    522    1
      ELEM   15    150    261    157    522    1
      ELEM   16    203    262    205    523    1
      ELEM   17    205    263    207    523    1
      ELEM   18    207    264    212    523    1
      ELEM   19    212    265    214    523    1
      ELEM   20    214    266    218    523    1
      ELEM   21    72    267    74    524    1
      ELEM   22    74    268    77    524    1
      ELEM   23    77    269    84    524    1
      ELEM   24    84    270    89    524    1
      ELEM   25    89    271    99    524    1
      ELEM   26    20    272    23    525    1
      ELEM   27    23    273    26    525    1
      ELEM   28    26    274    33    525    1
      ELEM   29    33    275    40    525    1
      ELEM   30    40    276    51    525    1
      ELEM   31    167    277    168    526    1
      ELEM   32    168    278    172    526    1
      ELEM   33    172    279    178    526    1
      ELEM   34    178    280    184    526    1
      ELEM   35    184    281    193    526    1
      ELEM   36    30    282    34    527    1
      ELEM   37    34    283    37    527    1
      ELEM   38    37    284    41    527    1
      ELEM   39    41    285    50    527    1
      ELEM   40    50    286    60    527    1
      ELEM   41    1    287    2    528    1
      ELEM   42    2    288    3    528    1
      ELEM   43    3    289    4    528    1
      ELEM   44    4    290    5    528    1
      ELEM   45    5    291    6    528    1
      ELEM   46    153    292    152    529    2
      ELEM   47    156    293    153    529    2
      ELEM   48    162    294    156    529    2
      ELEM   49    174    295    162    529    2
      ELEM   50    186    296    174    529    2
      ELEM   51    199    297    186    529    2
      ELEM   52    127    298    126    530    2
      ELEM   53    131    299    127    530    2
      ELEM   54    141    300    131    530    2
      ELEM   55    147    301    141    530    2
      ELEM   56    158    302    147    530    2
      ELEM   57    177    303    158    530    2
      ELEM   58    110    304    109    531    2
      ELEM   59    113    305    110    531    2
      ELEM   60    120    306    113    531    2
      ELEM   61    124    307    120    531    2
      ELEM   62    138    308    124    531    2
      ELEM   63    151    309    138    531    2
      ELEM   64    93    310    92    532    2
      ELEM   65    95    311    93    532    2
      ELEM   66    101    312    95    532    2
      ELEM   67    108    313    101    532    2
      ELEM   68    119    314    108    532    2
      ELEM   69    129    315    119    532    2
      ELEM   70    75    316    73    533    2
      ELEM   71    81    317    75    533    2
      ELEM   72    87    318    81    533    2
      ELEM   73    94    319    87    533    2
      ELEM   74    104    320    94    533    2
      ELEM   75    116    321    104    533    2
      ELEM   76    59    322    58    534    2
      ELEM   77    62    323    59    534    2
      ELEM   78    69    324    62    534    2
      ELEM   79    80    325    69    534    2
      ELEM   80    90    326    80    534    2
      ELEM   81    102    327    90    534    2
      ELEM   82    44    328    42    535    2
      ELEM   83    49    329    44    535    2
      ELEM   84    55    330    49    535    2
      ELEM   85    66    331    55    535    2
      ELEM   86    76    332    66    535    2
      ELEM   87    91    333    76    535    2
      ELEM   88    32    334    28    536    2
      ELEM   89    38    335    32    536    2
      ELEM   90    43    336    38    536    2
      ELEM   91    54    337    43    536    2
      ELEM   92    67    338    54    536    2
      ELEM   93    83    339    67    536    2
      ELEM   94    21    340    17    537    2
      ELEM   95    25    341    21    537    2
      ELEM   96    35    342    25    537    2
      ELEM   97    45    343    35    537    2
      ELEM   98    57    344    45    537    2
      ELEM   99    70    345    57    537    2
      ELEM   100    16    346    14    538    2
      ELEM   101    22    347    16    538    2
      ELEM   102    27    348    22    538    2
      ELEM   103    39    349    27    538    2
      ELEM   104    53    350    39    538    2
      ELEM   105    68    351    53    538    2
      ELEM   106    11    352    10    539    2
      ELEM   107    15    353    11    539    2
      ELEM   108    24    354    15    539    2
      ELEM   109    36    355    24    539    2
      ELEM   110    48    356    36    539    2
      ELEM   111    63    357    48    539    2
      ELEM   112    9    358    7    540    2
      ELEM   113    13    359    9    540    2
      ELEM   114    19    360    13    540    2
      ELEM   115    31    361    19    540    2
      ELEM   116    47    362    31    540    2
      ELEM   117    61    363    47    540    2
      ELEM   118    213    364    199    529    2
      ELEM   119    221    365    213    529    2
      ELEM   120    227    366    221    529    2
      ELEM   121    232    367    227    529    2
      ELEM   122    236    368    232    529    2
      ELEM   123    245    369    236    529    2
      ELEM   124    191    370    177    530    2
      ELEM   125    209    371    191    530    2
      ELEM   126    219    372    209    530    2
      ELEM   127    228    373    219    530    2
      ELEM   128    233    374    228    530    2
      ELEM   129    237    375    233    530    2
      ELEM   130    169    376    151    531    2
      ELEM   131    188    377    169    531    2
      ELEM   132    208    378    188    531    2
      ELEM   133    220    379    208    531    2
      ELEM   134    229    380    220    531    2
      ELEM   135    235    381    229    531    2
      ELEM   136    146    382    129    532    2
      ELEM   137    166    383    146    532    2
      ELEM   138    189    384    166    532    2
      ELEM   139    211    385    189    532    2
      ELEM   140    223    386    211    532    2
      ELEM   141    231    387    223    532    2
      ELEM   142    128    388    116    533    2
      ELEM   143    148    389    128    533    2
      ELEM   144    171    390    148    533    2
      ELEM   145    196    391    171    533    2
      ELEM   146    215    392    196    533    2
      ELEM   147    226    393    215    533    2
      ELEM   148    117    394    102    534    2
      ELEM   149    132    395    117    534    2
      ELEM   150    154    396    132    534    2
      ELEM   151    179    397    154    534    2
      ELEM   152    206    398    179    534    2
      ELEM   153    222    399    206    534    2
      ELEM   154    105    400    91    535    2
      ELEM   155    122    401    105    535    2
      ELEM   156    142    402    122    535    2
      ELEM   157    165    403    142    535    2
      ELEM   158    195    404    165    535    2
      ELEM   159    217    405    195    535    2
      ELEM   160    98    406    83    536    2
      ELEM   161    112    407    98    536    2
      ELEM   162    130    408    112    536    2
      ELEM   163    155    409    130    536    2
      ELEM   164    183    410    155    536    2
      ELEM   165    210    411    183    536    2
      ELEM   166    88    412    70    537    2
      ELEM   167    106    413    88    537    2
      ELEM   168    123    414    106    537    2
      ELEM   169    145    415    123    537    2
      ELEM   170    176    416    145    537    2
      ELEM   171    202    417    176    537    2
      ELEM   172    86    418    68    538    2
      ELEM   173    103    419    86    538    2
      ELEM   174    121    420    103    538    2
      ELEM   175    144    421    121    538    2
      ELEM   176    170    422    144    538    2
      ELEM   177    200    423    170    538    2
      ELEM   178    82    424    63    539    2
      ELEM   179    100    425    82    539    2
      ELEM   180    118    426    100    539    2
      ELEM   181    140    427    118    539    2
      ELEM   182    164    428    140    539    2
      ELEM   183    197    429    164    539    2
      ELEM   184    79    430    61    540    2
      ELEM   185    97    431    79    540    2
      ELEM   186    115    432    97    540    2
      ELEM   187    136    433    115    540    2
      ELEM   188    161    434    136    540    2
      ELEM   189    194    435    161    540    2
      ELEM   190    159    436    157    541    3
      ELEM   191    163    437    159    541    3
      ELEM   192    173    438    163    541    3
      ELEM   193    180    439    173    541    3
      ELEM   194    192    440    180    541    3
      ELEM   195    204    441    192    541    3
      ELEM   196    52    442    51    542    3
      ELEM   197    56    443    52    542    3
      ELEM   198    64    444    56    542    3
      ELEM   199    71    445    64    542    3
      ELEM   200    85    446    71    542    3
      ELEM   201    99    447    85    542    3
      ELEM   202    8    448    6    543    3
      ELEM   203    12    449    8    543    3
      ELEM   204    18    450    12    543    3
      ELEM   205    29    451    18    543    3
      ELEM   206    46    452    29    543    3
      ELEM   207    60    453    46    543    3
      ELEM   208    246    454    238    541    3
      ELEM   209    238    455    234    541    3
      ELEM   210    234    456    230    541    3
      ELEM   211    230    457    224    541    3
      ELEM   212    224    458    216    541    3
      ELEM   213    216    459    204    541    3
      ELEM   214    193    460    160    543    3
      ELEM   215    160    461    135    543    3
      ELEM   216    135    462    114    543    3
      ELEM   217    114    463    96    543    3
      ELEM   218    96    464    78    543    3
      ELEM   219    78    465    60    543    3
      ELEM   220    218    466    201    542    4
      ELEM   221    201    467    175    542    4
      ELEM   222    175    468    149    542    4
      ELEM   223    149    469    125    542    4
      ELEM   224    125    470    111    542    4
      ELEM   225    111    471    99    542    4
      ELEM   226    157    472    152    544    5
      ELEM   227    152    473    137    544    5
      ELEM   228    204    474    199    545    5
      ELEM   229    199    475    185    545    5
      ELEM   230    246    476    245    546    5
      ELEM   231    245    477    241    546    5
      ELEM   232    137    478    126    544    6
      ELEM   233    185    479    177    545    6
      ELEM   234    241    480    237    546    6
      ELEM   235    126    481    109    544    6
      ELEM   236    177    482    151    545    6
      ELEM   237    237    483    235    546    6
      ELEM   238    109    484    92    544    6
      ELEM   239    151    485    129    545    6
      ELEM   240    235    486    231    546    6
      ELEM   241    92    487    73    544    6
      ELEM   242    73    488    65    544    6
      ELEM   243    129    489    116    545    6
      ELEM   244    116    490    107    545    6
      ELEM   245    231    491    226    546    6
      ELEM   246    226    492    225    546    6
      ELEM   247    65    493    58    544    5
      ELEM   248    58    494    51    544    5
      ELEM   249    107    495    102    545    5
      ELEM   250    102    496    99    545    5
      ELEM   251    225    497    222    546    5
      ELEM   252    222    498    218    546    5
      ELEM   253    51    499    42    544    5
      ELEM   254    99    500    91    545    5
      ELEM   255    218    501    217    546    5
      ELEM   256    42    502    28    544    5
      ELEM   257    91    503    83    545    5
      ELEM   258    217    504    210    546    5
      ELEM   259    28    505    17    544    5
      ELEM   260    17    506    14    544    5
      ELEM   261    83    507    70    545    5
      ELEM   262    70    508    68    545    5
      ELEM   263    210    509    202    546    5
      ELEM   264    202    510    200    546    5
      ELEM   265    7    511    6    544    5
      ELEM   266    61    512    60    545    5
      ELEM   267    194    513    193    546    5
      ELEM   268    14    514    10    544    5
      ELEM   269    10    515    7    544    5
      ELEM   270    68    516    63    545    5
      ELEM   271    63    517    61    545    5
      ELEM   272    200    518    197    546    5
      ELEM   273    197    519    194    546    5
PRECISION 1.0e-3 
     LOADS
  FUNCTION FLOAD
  NODELOAD      6 -2.56e+03  0.00e+00 -5.00e+05  0.00e+00  0.00e+00  0.00e+00
  NODELOAD     51 -2.56e+03  0.00e+00 -5.00e+05  0.00e+00  0.00e+00  0.00e+00
  NODELOAD     60 -2.56e+03  0.00e+00 -5.00e+05  0.00e+00  0.00e+00  0.00e+00
  NODELOAD     99 -2.56e+03  0.00e+00 -5.00e+05  0.00e+00  0.00e+00  0.00e+00
  NODELOAD    157 -2.56e+03  0.00e+00 -5.00e+05  0.00e+00  0.00e+00  0.00e+00
  NODELOAD    193 -2.56e+03  0.00e+00 -5.00e+05  0.00e+00  0.00e+00  0.00e+00
  NODELOAD    204 -2.56e+03  0.00e+00 -5.00e+05  0.00e+00  0.00e+00  0.00e+00
  NODELOAD    218 -2.56e+03  0.00e+00 -5.00e+05  0.00e+00  0.00e+00  0.00e+00
  NODELOAD    246 -2.56e+03  0.00e+00 -5.00e+05  0.00e+00  0.00e+00  0.00e+00
  END_LOAD
  FUNCTION FLOAD
 DISTRBEAM    1    2.08e+03    0.00e+00    -4.70e+02
 DISTRBEAM    2    2.08e+03    0.00e+00    -4.70e+02
 DISTRBEAM    3    2.08e+03    0.00e+00    -4.70e+02
 DISTRBEAM    4    2.08e+03    0.00e+00    -4.70e+02
 DISTRBEAM    5    2.08e+03    0.00e+00    -4.70e+02
 DISTRBEAM    6    2.08e+03    0.00e+00    -4.70e+02
 DISTRBEAM    7    2.08e+03    0.00e+00    -4.70e+02
 DISTRBEAM    8    2.08e+03    0.00e+00    -4.70e+02
 DISTRBEAM    9    2.08e+03    0.00e+00    -4.70e+02
 DISTRBEAM    10    2.08e+03    0.00e+00    -4.70e+02
 DISTRBEAM    11    2.08e+03    0.00e+00    -4.70e+02
 DISTRBEAM    12    2.08e+03    0.00e+00    -4.70e+02
 DISTRBEAM    13    2.08e+03    0.00e+00    -4.70e+02
 DISTRBEAM    14    2.08e+03    0.00e+00    -4.70e+02
 DISTRBEAM    15    2.08e+03    0.00e+00    -4.70e+02
 DISTRBEAM    16    2.08e+03    0.00e+00    -4.70e+02
 DISTRBEAM    17    2.08e+03    0.00e+00    -4.70e+02
 DISTRBEAM    18    2.08e+03    0.00e+00    -4.70e+02
 DISTRBEAM    19    2.08e+03    0.00e+00    -4.70e+02
 DISTRBEAM    20    2.08e+03    0.00e+00    -4.70e+02
 DISTRBEAM    21    2.08e+03    0.00e+00    -4.70e+02
 DISTRBEAM    22    2.08e+03    0.00e+00    -4.70e+02
 DISTRBEAM    23    2.08e+03    0.00e+00    -4.70e+02
 DISTRBEAM    24    2.08e+03    0.00e+00    -4.70e+02
 DISTRBEAM    25    2.08e+03    0.00e+00    -4.70e+02
 DISTRBEAM    26    2.08e+03    0.00e+00    -4.70e+02
 DISTRBEAM    27    2.08e+03    0.00e+00    -4.70e+02
 DISTRBEAM    28    2.08e+03    0.00e+00    -4.70e+02
 DISTRBEAM    29    2.08e+03    0.00e+00    -4.70e+02
 DISTRBEAM    30    2.08e+03    0.00e+00    -4.70e+02
 DISTRBEAM    31    2.08e+03    0.00e+00    -4.70e+02
 DISTRBEAM    32    2.08e+03    0.00e+00    -4.70e+02
 DISTRBEAM    33    2.08e+03    0.00e+00    -4.70e+02
 DISTRBEAM    34    2.08e+03    0.00e+00    -4.70e+02
 DISTRBEAM    35    2.08e+03    0.00e+00    -4.70e+02
 DISTRBEAM    36    2.08e+03    0.00e+00    -4.70e+02
 DISTRBEAM    37    2.08e+03    0.00e+00    -4.70e+02
 DISTRBEAM    38    2.08e+03    0.00e+00    -4.70e+02
 DISTRBEAM    39    2.08e+03    0.00e+00    -4.70e+02
 DISTRBEAM    40    2.08e+03    0.00e+00    -4.70e+02
 DISTRBEAM    41    2.08e+03    0.00e+00    -4.70e+02
 DISTRBEAM    42    2.08e+03    0.00e+00    -4.70e+02
 DISTRBEAM    43    2.08e+03    0.00e+00    -4.70e+02
 DISTRBEAM    44    2.08e+03    0.00e+00    -4.70e+02
 DISTRBEAM    45    2.08e+03    0.00e+00    -4.70e+02
 DISTRBEAM    46    0.00e+00    0.00e+00    -1.62e+03
 DISTRBEAM    47    0.00e+00    0.00e+00    -1.62e+03
 DISTRBEAM    48    0.00e+00    0.00e+00    -1.62e+03
 DISTRBEAM    49    0.00e+00    0.00e+00    -1.62e+03
 DISTRBEAM    50    0.00e+00    0.00e+00    -1.62e+03
 DISTRBEAM    51    0.00e+00    0.00e+00    -1.62e+03
 DISTRBEAM    52    0.00e+00    0.00e+00    -1.62e+03
 DISTRBEAM    53    0.00e+00    0.00e+00    -1.62e+03
 DISTRBEAM    54    0.00e+00    0.00e+00    -1.62e+03
 DISTRBEAM    55    0.00e+00    0.00e+00    -1.62e+03
 DISTRBEAM    56    0.00e+00    0.00e+00    -1.62e+03
 DISTRBEAM    57    0.00e+00    0.00e+00    -1.62e+03
 DISTRBEAM    58    0.00e+00    0.00e+00    -1.62e+03
 DISTRBEAM    59    0.00e+00    0.00e+00    -1.62e+03
 DISTRBEAM    60    0.00e+00    0.00e+00    -1.62e+03
 DISTRBEAM    61    0.00e+00    0.00e+00    -1.62e+03
 DISTRBEAM    62    0.00e+00    0.00e+00    -1.62e+03
 DISTRBEAM    63    0.00e+00    0.00e+00    -1.62e+03
 DISTRBEAM    64    0.00e+00    0.00e+00    -1.62e+03
 DISTRBEAM    65    0.00e+00    0.00e+00    -1.62e+03
 DISTRBEAM    66    0.00e+00    0.00e+00    -1.62e+03
 DISTRBEAM    67    0.00e+00    0.00e+00    -1.62e+03
 DISTRBEAM    68    0.00e+00    0.00e+00    -1.62e+03
 DISTRBEAM    69    0.00e+00    0.00e+00    -1.62e+03
 DISTRBEAM    70    0.00e+00    0.00e+00    -1.62e+03
 DISTRBEAM    71    0.00e+00    0.00e+00    -1.62e+03
 DISTRBEAM    72    0.00e+00    0.00e+00    -1.62e+03
 DISTRBEAM    73    0.00e+00    0.00e+00    -1.62e+03
 DISTRBEAM    74    0.00e+00    0.00e+00    -1.62e+03
 DISTRBEAM    75    0.00e+00    0.00e+00    -1.62e+03
 DISTRBEAM    76    0.00e+00    0.00e+00    -1.62e+03
 DISTRBEAM    77    0.00e+00    0.00e+00    -1.62e+03
 DISTRBEAM    78    0.00e+00    0.00e+00    -1.62e+03
 DISTRBEAM    79    0.00e+00    0.00e+00    -1.62e+03
 DISTRBEAM    80    0.00e+00    0.00e+00    -1.62e+03
 DISTRBEAM    81    0.00e+00    0.00e+00    -1.62e+03
 DISTRBEAM    82    0.00e+00    0.00e+00    -1.62e+03
 DISTRBEAM    83    0.00e+00    0.00e+00    -1.62e+03
 DISTRBEAM    84    0.00e+00    0.00e+00    -1.62e+03
 DISTRBEAM    85    0.00e+00    0.00e+00    -1.62e+03
 DISTRBEAM    86    0.00e+00    0.00e+00    -1.62e+03
 DISTRBEAM    87    0.00e+00    0.00e+00    -1.62e+03
 DISTRBEAM    88    0.00e+00    0.00e+00    -1.62e+03
 DISTRBEAM    89    0.00e+00    0.00e+00    -1.62e+03
 DISTRBEAM    90    0.00e+00    0.00e+00    -1.62e+03
 DISTRBEAM    91    0.00e+00    0.00e+00    -1.62e+03
 DISTRBEAM    92    0.00e+00    0.00e+00    -1.62e+03
 DISTRBEAM    93    0.00e+00    0.00e+00    -1.62e+03
 DISTRBEAM    94    0.00e+00    0.00e+00    -1.62e+03
 DISTRBEAM    95    0.00e+00    0.00e+00    -1.62e+03
 DISTRBEAM    96    0.00e+00    0.00e+00    -1.62e+03
 DISTRBEAM    97    0.00e+00    0.00e+00    -1.62e+03
 DISTRBEAM    98    0.00e+00    0.00e+00    -1.62e+03
 DISTRBEAM    99    0.00e+00    0.00e+00    -1.62e+03
 DISTRBEAM    100    0.00e+00    0.00e+00    -1.62e+03
 DISTRBEAM    101    0.00e+00    0.00e+00    -1.62e+03
 DISTRBEAM    102    0.00e+00    0.00e+00    -1.62e+03
 DISTRBEAM    103    0.00e+00    0.00e+00    -1.62e+03
 DISTRBEAM    104    0.00e+00    0.00e+00    -1.62e+03
 DISTRBEAM    105    0.00e+00    0.00e+00    -1.62e+03
 DISTRBEAM    106    0.00e+00    0.00e+00    -1.62e+03
 DISTRBEAM    107    0.00e+00    0.00e+00    -1.62e+03
 DISTRBEAM    108    0.00e+00    0.00e+00    -1.62e+03
 DISTRBEAM    109    0.00e+00    0.00e+00    -1.62e+03
 DISTRBEAM    110    0.00e+00    0.00e+00    -1.62e+03
 DISTRBEAM    111    0.00e+00    0.00e+00    -1.62e+03
 DISTRBEAM    112    0.00e+00    0.00e+00    -1.62e+03
 DISTRBEAM    113    0.00e+00    0.00e+00    -1.62e+03
 DISTRBEAM    114    0.00e+00    0.00e+00    -1.62e+03
 DISTRBEAM    115    0.00e+00    0.00e+00    -1.62e+03
 DISTRBEAM    116    0.00e+00    0.00e+00    -1.62e+03
 DISTRBEAM    117    0.00e+00    0.00e+00    -1.62e+03
 DISTRBEAM    118    0.00e+00    0.00e+00    -1.62e+03
 DISTRBEAM    119    0.00e+00    0.00e+00    -1.62e+03
 DISTRBEAM    120    0.00e+00    0.00e+00    -1.62e+03
 DISTRBEAM    121    0.00e+00    0.00e+00    -1.62e+03
 DISTRBEAM    122    0.00e+00    0.00e+00    -1.62e+03
 DISTRBEAM    123    0.00e+00    0.00e+00    -1.62e+03
 DISTRBEAM    124    0.00e+00    0.00e+00    -1.62e+03
 DISTRBEAM    125    0.00e+00    0.00e+00    -1.62e+03
 DISTRBEAM    126    0.00e+00    0.00e+00    -1.62e+03
 DISTRBEAM    127    0.00e+00    0.00e+00    -1.62e+03
 DISTRBEAM    128    0.00e+00    0.00e+00    -1.62e+03
 DISTRBEAM    129    0.00e+00    0.00e+00    -1.62e+03
 DISTRBEAM    130    0.00e+00    0.00e+00    -1.62e+03
 DISTRBEAM    131    0.00e+00    0.00e+00    -1.62e+03
 DISTRBEAM    132    0.00e+00    0.00e+00    -1.62e+03
 DISTRBEAM    133    0.00e+00    0.00e+00    -1.62e+03
 DISTRBEAM    134    0.00e+00    0.00e+00    -1.62e+03
 DISTRBEAM    135    0.00e+00    0.00e+00    -1.62e+03
 DISTRBEAM    136    0.00e+00    0.00e+00    -1.62e+03
 DISTRBEAM    137    0.00e+00    0.00e+00    -1.62e+03
 DISTRBEAM    138    0.00e+00    0.00e+00    -1.62e+03
 DISTRBEAM    139    0.00e+00    0.00e+00    -1.62e+03
 DISTRBEAM    140    0.00e+00    0.00e+00    -1.62e+03
 DISTRBEAM    141    0.00e+00    0.00e+00    -1.62e+03
 DISTRBEAM    142    0.00e+00    0.00e+00    -1.62e+03
 DISTRBEAM    143    0.00e+00    0.00e+00    -1.62e+03
 DISTRBEAM    144    0.00e+00    0.00e+00    -1.62e+03
 DISTRBEAM    145    0.00e+00    0.00e+00    -1.62e+03
 DISTRBEAM    146    0.00e+00    0.00e+00    -1.62e+03
 DISTRBEAM    147    0.00e+00    0.00e+00    -1.62e+03
 DISTRBEAM    148    0.00e+00    0.00e+00    -1.62e+03
 DISTRBEAM    149    0.00e+00    0.00e+00    -1.62e+03
 DISTRBEAM    150    0.00e+00    0.00e+00    -1.62e+03
 DISTRBEAM    151    0.00e+00    0.00e+00    -1.62e+03
 DISTRBEAM    152    0.00e+00    0.00e+00    -1.62e+03
 DISTRBEAM    153    0.00e+00    0.00e+00    -1.62e+03
 DISTRBEAM    154    0.00e+00    0.00e+00    -1.62e+03
 DISTRBEAM    155    0.00e+00    0.00e+00    -1.62e+03
 DISTRBEAM    156    0.00e+00    0.00e+00    -1.62e+03
 DISTRBEAM    157    0.00e+00    0.00e+00    -1.62e+03
 DISTRBEAM    158    0.00e+00    0.00e+00    -1.62e+03
 DISTRBEAM    159    0.00e+00    0.00e+00    -1.62e+03
 DISTRBEAM    160    0.00e+00    0.00e+00    -1.62e+03
 DISTRBEAM    161    0.00e+00    0.00e+00    -1.62e+03
 DISTRBEAM    162    0.00e+00    0.00e+00    -1.62e+03
 DISTRBEAM    163    0.00e+00    0.00e+00    -1.62e+03
 DISTRBEAM    164    0.00e+00    0.00e+00    -1.62e+03
 DISTRBEAM    165    0.00e+00    0.00e+00    -1.62e+03
 DISTRBEAM    166    0.00e+00    0.00e+00    -1.62e+03
 DISTRBEAM    167    0.00e+00    0.00e+00    -1.62e+03
 DISTRBEAM    168    0.00e+00    0.00e+00    -1.62e+03
 DISTRBEAM    169    0.00e+00    0.00e+00    -1.62e+03
 DISTRBEAM    170    0.00e+00    0.00e+00    -1.62e+03
 DISTRBEAM    171    0.00e+00    0.00e+00    -1.62e+03
 DISTRBEAM    172    0.00e+00    0.00e+00    -1.62e+03
 DISTRBEAM    173    0.00e+00    0.00e+00    -1.62e+03
 DISTRBEAM    174    0.00e+00    0.00e+00    -1.62e+03
 DISTRBEAM    175    0.00e+00    0.00e+00    -1.62e+03
 DISTRBEAM    176    0.00e+00    0.00e+00    -1.62e+03
 DISTRBEAM    177    0.00e+00    0.00e+00    -1.62e+03
 DISTRBEAM    178    0.00e+00    0.00e+00    -1.62e+03
 DISTRBEAM    179    0.00e+00    0.00e+00    -1.62e+03
 DISTRBEAM    180    0.00e+00    0.00e+00    -1.62e+03
 DISTRBEAM    181    0.00e+00    0.00e+00    -1.62e+03
 DISTRBEAM    182    0.00e+00    0.00e+00    -1.62e+03
 DISTRBEAM    183    0.00e+00    0.00e+00    -1.62e+03
 DISTRBEAM    184    0.00e+00    0.00e+00    -1.62e+03
 DISTRBEAM    185    0.00e+00    0.00e+00    -1.62e+03
 DISTRBEAM    186    0.00e+00    0.00e+00    -1.62e+03
 DISTRBEAM    187    0.00e+00    0.00e+00    -1.62e+03
 DISTRBEAM    188    0.00e+00    0.00e+00    -1.62e+03
 DISTRBEAM    189    0.00e+00    0.00e+00    -1.62e+03
 DISTRBEAM    190    0.00e+00    0.00e+00    -1.44e+02
 DISTRBEAM    191    0.00e+00    0.00e+00    -1.44e+02
 DISTRBEAM    192    0.00e+00    0.00e+00    -1.44e+02
 DISTRBEAM    193    0.00e+00    0.00e+00    -1.44e+02
 DISTRBEAM    194    0.00e+00    0.00e+00    -1.44e+02
 DISTRBEAM    195    0.00e+00    0.00e+00    -1.44e+02
 DISTRBEAM    196    0.00e+00    0.00e+00    -1.44e+02
 DISTRBEAM    197    0.00e+00    0.00e+00    -1.44e+02
 DISTRBEAM    198    0.00e+00    0.00e+00    -1.44e+02
 DISTRBEAM    199    0.00e+00    0.00e+00    -1.44e+02
 DISTRBEAM    200    0.00e+00    0.00e+00    -1.44e+02
 DISTRBEAM    201    0.00e+00    0.00e+00    -1.44e+02
 DISTRBEAM    202    0.00e+00    0.00e+00    -1.44e+02
 DISTRBEAM    203    0.00e+00    0.00e+00    -1.44e+02
 DISTRBEAM    204    0.00e+00    0.00e+00    -1.44e+02
 DISTRBEAM    205    0.00e+00    0.00e+00    -1.44e+02
 DISTRBEAM    206    0.00e+00    0.00e+00    -1.44e+02
 DISTRBEAM    207    0.00e+00    0.00e+00    -1.44e+02
 DISTRBEAM    208    0.00e+00    0.00e+00    -1.44e+02
 DISTRBEAM    209    0.00e+00    0.00e+00    -1.44e+02
 DISTRBEAM    210    0.00e+00    0.00e+00    -1.44e+02
 DISTRBEAM    211    0.00e+00    0.00e+00    -1.44e+02
 DISTRBEAM    212    0.00e+00    0.00e+00    -1.44e+02
 DISTRBEAM    213    0.00e+00    0.00e+00    -1.44e+02
 DISTRBEAM    214    0.00e+00    0.00e+00    -1.44e+02
 DISTRBEAM    215    0.00e+00    0.00e+00    -1.44e+02
 DISTRBEAM    216    0.00e+00    0.00e+00    -1.44e+02
 DISTRBEAM    217    0.00e+00    0.00e+00    -1.44e+02
 DISTRBEAM    218    0.00e+00    0.00e+00    -1.44e+02
 DISTRBEAM    219    0.00e+00    0.00e+00    -1.44e+02
 DISTRBEAM    220    0.00e+00    0.00e+00    -2.88e+02
 DISTRBEAM    221    0.00e+00    0.00e+00    -2.88e+02
 DISTRBEAM    222    0.00e+00    0.00e+00    -2.88e+02
 DISTRBEAM    223    0.00e+00    0.00e+00    -2.88e+02
 DISTRBEAM    224    0.00e+00    0.00e+00    -2.88e+02
 DISTRBEAM    225    0.00e+00    0.00e+00    -2.88e+02
 DISTRBEAM    226    0.00e+00    0.00e+00    -1.50e+04
 DISTRBEAM    227    0.00e+00    0.00e+00    -1.50e+04
 DISTRBEAM    228    0.00e+00    0.00e+00    -1.50e+04
 DISTRBEAM    229    0.00e+00    0.00e+00    -1.50e+04
 DISTRBEAM    230    0.00e+00    0.00e+00    -1.50e+04
 DISTRBEAM    231    0.00e+00    0.00e+00    -1.50e+04
 DISTRBEAM    232    0.00e+00    0.00e+00    -1.48e+04
 DISTRBEAM    233    0.00e+00    0.00e+00    -1.48e+04
 DISTRBEAM    234    0.00e+00    0.00e+00    -1.48e+04
 DISTRBEAM    235    0.00e+00    0.00e+00    -1.48e+04
 DISTRBEAM    236    0.00e+00    0.00e+00    -1.48e+04
 DISTRBEAM    237    0.00e+00    0.00e+00    -1.48e+04
 DISTRBEAM    238    0.00e+00    0.00e+00    -1.48e+04
 DISTRBEAM    239    0.00e+00    0.00e+00    -1.48e+04
 DISTRBEAM    240    0.00e+00    0.00e+00    -1.48e+04
 DISTRBEAM    241    0.00e+00    0.00e+00    -1.48e+04
 DISTRBEAM    242    0.00e+00    0.00e+00    -1.48e+04
 DISTRBEAM    243    0.00e+00    0.00e+00    -1.48e+04
 DISTRBEAM    244    0.00e+00    0.00e+00    -1.48e+04
 DISTRBEAM    245    0.00e+00    0.00e+00    -1.48e+04
 DISTRBEAM    246    0.00e+00    0.00e+00    -1.48e+04
 DISTRBEAM    247    0.00e+00    0.00e+00    -1.50e+04
 DISTRBEAM    248    0.00e+00    0.00e+00    -1.50e+04
 DISTRBEAM    249    0.00e+00    0.00e+00    -1.50e+04
 DISTRBEAM    250    0.00e+00    0.00e+00    -1.50e+04
 DISTRBEAM    251    0.00e+00    0.00e+00    -1.50e+04
 DISTRBEAM    252    0.00e+00    0.00e+00    -1.50e+04
 DISTRBEAM    253    0.00e+00    0.00e+00    -1.50e+04
 DISTRBEAM    254    0.00e+00    0.00e+00    -1.50e+04
 DISTRBEAM    255    0.00e+00    0.00e+00    -1.50e+04
 DISTRBEAM    256    0.00e+00    0.00e+00    -1.50e+04
 DISTRBEAM    257    0.00e+00    0.00e+00    -1.50e+04
 DISTRBEAM    258    0.00e+00    0.00e+00    -1.50e+04
 DISTRBEAM    259    0.00e+00    0.00e+00    -1.50e+04
 DISTRBEAM    260    0.00e+00    0.00e+00    -1.50e+04
 DISTRBEAM    261    0.00e+00    0.00e+00    -1.50e+04
 DISTRBEAM    262    0.00e+00    0.00e+00    -1.50e+04
 DISTRBEAM    263    0.00e+00    0.00e+00    -1.50e+04
 DISTRBEAM    264    0.00e+00    0.00e+00    -1.50e+04
 DISTRBEAM    265    0.00e+00    0.00e+00    -1.50e+04
 DISTRBEAM    266    0.00e+00    0.00e+00    -1.50e+04
 DISTRBEAM    267    0.00e+00    0.00e+00    -1.50e+04
 DISTRBEAM    268    0.00e+00    0.00e+00    -1.50e+04
 DISTRBEAM    269    0.00e+00    0.00e+00    -1.50e+04
 DISTRBEAM    270    0.00e+00    0.00e+00    -1.50e+04
 DISTRBEAM    271    0.00e+00    0.00e+00    -1.50e+04
 DISTRBEAM    272    0.00e+00    0.00e+00    -1.50e+04
 DISTRBEAM    273    0.00e+00    0.00e+00    -1.50e+04
  END_LOAD
      MASS
    M_NODE      6   0.00e+00   0.00e+00   5.10e+04   0.00e+00   0.00e+00   0.00e+00   0.00e+00
    M_NODE     51   0.00e+00   0.00e+00   5.10e+04   0.00e+00   0.00e+00   0.00e+00   0.00e+00
    M_NODE     60   0.00e+00   0.00e+00   5.10e+04   0.00e+00   0.00e+00   0.00e+00   0.00e+00
    M_NODE     99   0.00e+00   0.00e+00   5.10e+04   0.00e+00   0.00e+00   0.00e+00   0.00e+00
    M_NODE    157   0.00e+00   0.00e+00   5.10e+04   0.00e+00   0.00e+00   0.00e+00   0.00e+00
    M_NODE    193   0.00e+00   0.00e+00   5.10e+04   0.00e+00   0.00e+00   0.00e+00   0.00e+00
    M_NODE    204   0.00e+00   0.00e+00   5.10e+04   0.00e+00   0.00e+00   0.00e+00   0.00e+00
    M_NODE    218   0.00e+00   0.00e+00   5.10e+04   0.00e+00   0.00e+00   0.00e+00   0.00e+00
    M_NODE    246   0.00e+00   0.00e+00   5.10e+04   0.00e+00   0.00e+00   0.00e+00   0.00e+00
    M_BEAM    1    4.79e+01    2.00e+00
    M_BEAM    2    4.79e+01    2.00e+00
    M_BEAM    3    4.79e+01    2.00e+00
    M_BEAM    4    4.79e+01    2.00e+00
    M_BEAM    5    4.79e+01    2.00e+00
    M_BEAM    6    4.79e+01    2.00e+00
    M_BEAM    7    4.79e+01    2.00e+00
    M_BEAM    8    4.79e+01    2.00e+00
    M_BEAM    9    4.79e+01    2.00e+00
    M_BEAM    10    4.79e+01    2.00e+00
    M_BEAM    11    4.79e+01    2.00e+00
    M_BEAM    12    4.79e+01    2.00e+00
    M_BEAM    13    4.79e+01    2.00e+00
    M_BEAM    14    4.79e+01    2.00e+00
    M_BEAM    15    4.79e+01    2.00e+00
    M_BEAM    16    4.79e+01    2.00e+00
    M_BEAM    17    4.79e+01    2.00e+00
    M_BEAM    18    4.79e+01    2.00e+00
    M_BEAM    19    4.79e+01    2.00e+00
    M_BEAM    20    4.79e+01    2.00e+00
    M_BEAM    21    4.79e+01    2.00e+00
    M_BEAM    22    4.79e+01    2.00e+00
    M_BEAM    23    4.79e+01    2.00e+00
    M_BEAM    24    4.79e+01    2.00e+00
    M_BEAM    25    4.79e+01    2.00e+00
    M_BEAM    26    4.79e+01    2.00e+00
    M_BEAM    27    4.79e+01    2.00e+00
    M_BEAM    28    4.79e+01    2.00e+00
    M_BEAM    29    4.79e+01    2.00e+00
    M_BEAM    30    4.79e+01    2.00e+00
    M_BEAM    31    4.79e+01    2.00e+00
    M_BEAM    32    4.79e+01    2.00e+00
    M_BEAM    33    4.79e+01    2.00e+00
    M_BEAM    34    4.79e+01    2.00e+00
    M_BEAM    35    4.79e+01    2.00e+00
    M_BEAM    36    4.79e+01    2.00e+00
    M_BEAM    37    4.79e+01    2.00e+00
    M_BEAM    38    4.79e+01    2.00e+00
    M_BEAM    39    4.79e+01    2.00e+00
    M_BEAM    40    4.79e+01    2.00e+00
    M_BEAM    41    4.79e+01    2.00e+00
    M_BEAM    42    4.79e+01    2.00e+00
    M_BEAM    43    4.79e+01    2.00e+00
    M_BEAM    44    4.79e+01    2.00e+00
    M_BEAM    45    4.79e+01    2.00e+00
    M_BEAM    46    1.65e+02    2.00e+00
    M_BEAM    47    1.65e+02    2.00e+00
    M_BEAM    48    1.65e+02    2.00e+00
    M_BEAM    49    1.65e+02    2.00e+00
    M_BEAM    50    1.65e+02    2.00e+00
    M_BEAM    51    1.65e+02    2.00e+00
    M_BEAM    52    1.65e+02    2.00e+00
    M_BEAM    53    1.65e+02    2.00e+00
    M_BEAM    54    1.65e+02    2.00e+00
    M_BEAM    55    1.65e+02    2.00e+00
    M_BEAM    56    1.65e+02    2.00e+00
    M_BEAM    57    1.65e+02    2.00e+00
    M_BEAM    58    1.65e+02    2.00e+00
    M_BEAM    59    1.65e+02    2.00e+00
    M_BEAM    60    1.65e+02    2.00e+00
    M_BEAM    61    1.65e+02    2.00e+00
    M_BEAM    62    1.65e+02    2.00e+00
    M_BEAM    63    1.65e+02    2.00e+00
    M_BEAM    64    1.65e+02    2.00e+00
    M_BEAM    65    1.65e+02    2.00e+00
    M_BEAM    66    1.65e+02    2.00e+00
    M_BEAM    67    1.65e+02    2.00e+00
    M_BEAM    68    1.65e+02    2.00e+00
    M_BEAM    69    1.65e+02    2.00e+00
    M_BEAM    70    1.65e+02    2.00e+00
    M_BEAM    71    1.65e+02    2.00e+00
    M_BEAM    72    1.65e+02    2.00e+00
    M_BEAM    73    1.65e+02    2.00e+00
    M_BEAM    74    1.65e+02    2.00e+00
    M_BEAM    75    1.65e+02    2.00e+00
    M_BEAM    76    1.65e+02    2.00e+00
    M_BEAM    77    1.65e+02    2.00e+00
    M_BEAM    78    1.65e+02    2.00e+00
    M_BEAM    79    1.65e+02    2.00e+00
    M_BEAM    80    1.65e+02    2.00e+00
    M_BEAM    81    1.65e+02    2.00e+00
    M_BEAM    82    1.65e+02    2.00e+00
    M_BEAM    83    1.65e+02    2.00e+00
    M_BEAM    84    1.65e+02    2.00e+00
    M_BEAM    85    1.65e+02    2.00e+00
    M_BEAM    86    1.65e+02    2.00e+00
    M_BEAM    87    1.65e+02    2.00e+00
    M_BEAM    88    1.65e+02    2.00e+00
    M_BEAM    89    1.65e+02    2.00e+00
    M_BEAM    90    1.65e+02    2.00e+00
    M_BEAM    91    1.65e+02    2.00e+00
    M_BEAM    92    1.65e+02    2.00e+00
    M_BEAM    93    1.65e+02    2.00e+00
    M_BEAM    94    1.65e+02    2.00e+00
    M_BEAM    95    1.65e+02    2.00e+00
    M_BEAM    96    1.65e+02    2.00e+00
    M_BEAM    97    1.65e+02    2.00e+00
    M_BEAM    98    1.65e+02    2.00e+00
    M_BEAM    99    1.65e+02    2.00e+00
    M_BEAM    100    1.65e+02    2.00e+00
    M_BEAM    101    1.65e+02    2.00e+00
    M_BEAM    102    1.65e+02    2.00e+00
    M_BEAM    103    1.65e+02    2.00e+00
    M_BEAM    104    1.65e+02    2.00e+00
    M_BEAM    105    1.65e+02    2.00e+00
    M_BEAM    106    1.65e+02    2.00e+00
    M_BEAM    107    1.65e+02    2.00e+00
    M_BEAM    108    1.65e+02    2.00e+00
    M_BEAM    109    1.65e+02    2.00e+00
    M_BEAM    110    1.65e+02    2.00e+00
    M_BEAM    111    1.65e+02    2.00e+00
    M_BEAM    112    1.65e+02    2.00e+00
    M_BEAM    113    1.65e+02    2.00e+00
    M_BEAM    114    1.65e+02    2.00e+00
    M_BEAM    115    1.65e+02    2.00e+00
    M_BEAM    116    1.65e+02    2.00e+00
    M_BEAM    117    1.65e+02    2.00e+00
    M_BEAM    118    1.65e+02    2.00e+00
    M_BEAM    119    1.65e+02    2.00e+00
    M_BEAM    120    1.65e+02    2.00e+00
    M_BEAM    121    1.65e+02    2.00e+00
    M_BEAM    122    1.65e+02    2.00e+00
    M_BEAM    123    1.65e+02    2.00e+00
    M_BEAM    124    1.65e+02    2.00e+00
    M_BEAM    125    1.65e+02    2.00e+00
    M_BEAM    126    1.65e+02    2.00e+00
    M_BEAM    127    1.65e+02    2.00e+00
    M_BEAM    128    1.65e+02    2.00e+00
    M_BEAM    129    1.65e+02    2.00e+00
    M_BEAM    130    1.65e+02    2.00e+00
    M_BEAM    131    1.65e+02    2.00e+00
    M_BEAM    132    1.65e+02    2.00e+00
    M_BEAM    133    1.65e+02    2.00e+00
    M_BEAM    134    1.65e+02    2.00e+00
    M_BEAM    135    1.65e+02    2.00e+00
    M_BEAM    136    1.65e+02    2.00e+00
    M_BEAM    137    1.65e+02    2.00e+00
    M_BEAM    138    1.65e+02    2.00e+00
    M_BEAM    139    1.65e+02    2.00e+00
    M_BEAM    140    1.65e+02    2.00e+00
    M_BEAM    141    1.65e+02    2.00e+00
    M_BEAM    142    1.65e+02    2.00e+00
    M_BEAM    143    1.65e+02    2.00e+00
    M_BEAM    144    1.65e+02    2.00e+00
    M_BEAM    145    1.65e+02    2.00e+00
    M_BEAM    146    1.65e+02    2.00e+00
    M_BEAM    147    1.65e+02    2.00e+00
    M_BEAM    148    1.65e+02    2.00e+00
    M_BEAM    149    1.65e+02    2.00e+00
    M_BEAM    150    1.65e+02    2.00e+00
    M_BEAM    151    1.65e+02    2.00e+00
    M_BEAM    152    1.65e+02    2.00e+00
    M_BEAM    153    1.65e+02    2.00e+00
    M_BEAM    154    1.65e+02    2.00e+00
    M_BEAM    155    1.65e+02    2.00e+00
    M_BEAM    156    1.65e+02    2.00e+00
    M_BEAM    157    1.65e+02    2.00e+00
    M_BEAM    158    1.65e+02    2.00e+00
    M_BEAM    159    1.65e+02    2.00e+00
    M_BEAM    160    1.65e+02    2.00e+00
    M_BEAM    161    1.65e+02    2.00e+00
    M_BEAM    162    1.65e+02    2.00e+00
    M_BEAM    163    1.65e+02    2.00e+00
    M_BEAM    164    1.65e+02    2.00e+00
    M_BEAM    165    1.65e+02    2.00e+00
    M_BEAM    166    1.65e+02    2.00e+00
    M_BEAM    167    1.65e+02    2.00e+00
    M_BEAM    168    1.65e+02    2.00e+00
    M_BEAM    169    1.65e+02    2.00e+00
    M_BEAM    170    1.65e+02    2.00e+00
    M_BEAM    171    1.65e+02    2.00e+00
    M_BEAM    172    1.65e+02    2.00e+00
    M_BEAM    173    1.65e+02    2.00e+00
    M_BEAM    174    1.65e+02    2.00e+00
    M_BEAM    175    1.65e+02    2.00e+00
    M_BEAM    176    1.65e+02    2.00e+00
    M_BEAM    177    1.65e+02    2.00e+00
    M_BEAM    178    1.65e+02    2.00e+00
    M_BEAM    179    1.65e+02    2.00e+00
    M_BEAM    180    1.65e+02    2.00e+00
    M_BEAM    181    1.65e+02    2.00e+00
    M_BEAM    182    1.65e+02    2.00e+00
    M_BEAM    183    1.65e+02    2.00e+00
    M_BEAM    184    1.65e+02    2.00e+00
    M_BEAM    185    1.65e+02    2.00e+00
    M_BEAM    186    1.65e+02    2.00e+00
    M_BEAM    187    1.65e+02    2.00e+00
    M_BEAM    188    1.65e+02    2.00e+00
    M_BEAM    189    1.65e+02    2.00e+00
    M_BEAM    190    1.47e+01    2.00e+00
    M_BEAM    191    1.47e+01    2.00e+00
    M_BEAM    192    1.47e+01    2.00e+00
    M_BEAM    193    1.47e+01    2.00e+00
    M_BEAM    194    1.47e+01    2.00e+00
    M_BEAM    195    1.47e+01    2.00e+00
    M_BEAM    196    1.47e+01    2.00e+00
    M_BEAM    197    1.47e+01    2.00e+00
    M_BEAM    198    1.47e+01    2.00e+00
    M_BEAM    199    1.47e+01    2.00e+00
    M_BEAM    200    1.47e+01    2.00e+00
    M_BEAM    201    1.47e+01    2.00e+00
    M_BEAM    202    1.47e+01    2.00e+00
    M_BEAM    203    1.47e+01    2.00e+00
    M_BEAM    204    1.47e+01    2.00e+00
    M_BEAM    205    1.47e+01    2.00e+00
    M_BEAM    206    1.47e+01    2.00e+00
    M_BEAM    207    1.47e+01    2.00e+00
    M_BEAM    208    1.47e+01    2.00e+00
    M_BEAM    209    1.47e+01    2.00e+00
    M_BEAM    210    1.47e+01    2.00e+00
    M_BEAM    211    1.47e+01    2.00e+00
    M_BEAM    212    1.47e+01    2.00e+00
    M_BEAM    213    1.47e+01    2.00e+00
    M_BEAM    214    1.47e+01    2.00e+00
    M_BEAM    215    1.47e+01    2.00e+00
    M_BEAM    216    1.47e+01    2.00e+00
    M_BEAM    217    1.47e+01    2.00e+00
    M_BEAM    218    1.47e+01    2.00e+00
    M_BEAM    219    1.47e+01    2.00e+00
    M_BEAM    220    2.94e+01    2.00e+00
    M_BEAM    221    2.94e+01    2.00e+00
    M_BEAM    222    2.94e+01    2.00e+00
    M_BEAM    223    2.94e+01    2.00e+00
    M_BEAM    224    2.94e+01    2.00e+00
    M_BEAM    225    2.94e+01    2.00e+00
    M_BEAM    226    1.53e+03    2.00e+00
    M_BEAM    227    1.53e+03    2.00e+00
    M_BEAM    228    1.53e+03    2.00e+00
    M_BEAM    229    1.53e+03    2.00e+00
    M_BEAM    230    1.53e+03    2.00e+00
    M_BEAM    231    1.53e+03    2.00e+00
    M_BEAM    232    1.51e+03    2.00e+00
    M_BEAM    233    1.51e+03    2.00e+00
    M_BEAM    234    1.51e+03    2.00e+00
    M_BEAM    235    1.51e+03    2.00e+00
    M_BEAM    236    1.51e+03    2.00e+00
    M_BEAM    237    1.51e+03    2.00e+00
    M_BEAM    238    1.51e+03    2.00e+00
    M_BEAM    239    1.51e+03    2.00e+00
    M_BEAM    240    1.51e+03    2.00e+00
    M_BEAM    241    1.51e+03    2.00e+00
    M_BEAM    242    1.51e+03    2.00e+00
    M_BEAM    243    1.51e+03    2.00e+00
    M_BEAM    244    1.51e+03    2.00e+00
    M_BEAM    245    1.51e+03    2.00e+00
    M_BEAM    246    1.51e+03    2.00e+00
    M_BEAM    247    1.53e+03    2.00e+00
    M_BEAM    248    1.53e+03    2.00e+00
    M_BEAM    249    1.53e+03    2.00e+00
    M_BEAM    250    1.53e+03    2.00e+00
    M_BEAM    251    1.53e+03    2.00e+00
    M_BEAM    252    1.53e+03    2.00e+00
    M_BEAM    253    1.53e+03    2.00e+00
    M_BEAM    254    1.53e+03    2.00e+00
    M_BEAM    255    1.53e+03    2.00e+00
    M_BEAM    256    1.53e+03    2.00e+00
    M_BEAM    257    1.53e+03    2.00e+00
    M_BEAM    258    1.53e+03    2.00e+00
    M_BEAM    259    1.53e+03    2.00e+00
    M_BEAM    260    1.53e+03    2.00e+00
    M_BEAM    261    1.53e+03    2.00e+00
    M_BEAM    262    1.53e+03    2.00e+00
    M_BEAM    263    1.53e+03    2.00e+00
    M_BEAM    264    1.53e+03    2.00e+00
    M_BEAM    265    1.53e+03    2.00e+00
    M_BEAM    266    1.53e+03    2.00e+00
    M_BEAM    267    1.53e+03    2.00e+00
    M_BEAM    268    1.53e+03    2.00e+00
    M_BEAM    269    1.53e+03    2.00e+00
    M_BEAM    270    1.53e+03    2.00e+00
    M_BEAM    271    1.53e+03    2.00e+00
    M_BEAM    272    1.53e+03    2.00e+00
    M_BEAM    273    1.53e+03    2.00e+00
  END_MASS
 MATERIALS
STEELEC3
           2.10e+11   3.00e-01   2.35e+08  1200.   0.
STEELEC3
           2.10e+11   3.00e-01   3.55e+08  1200.   0.
STEELEC3
           2.10e+11   3.00e-01   4.20e+08  1200.   0.
      TIME
      10.0     1800.0       36.0
   ENDTIME
     EPSTH
IMPRESSION
 TIMEPRINT
      10.0     1800.0
END_TIMEPR
PRINTTMPRT
PRINTREACT
   PRINTMN
   PRNEIBEAM
