reduction_coeff 0.1
InputFile created with GiD-SAFIR_2016 Interface
Safir_Thermal_Analysis
Mesh_from_GID-Mesher

     NNODE   457
      NDIM    2
   NDDLMAX    1
      FROM    1   TO   457 STEP    1 NDDL    1
  END_NDDL
   TORSION
 RENUMGEO 1
      NMAT 1
  ELEMENTS
     SOLID   548
        NG    2
     NVOID     0
  END_ELEM
     NODES
      NODE     1     0.2250     0.1000
      NODE     2     0.2220     0.0970
      NODE     3     0.2250     0.0950
      NODE     4     0.2200     0.1000
      NODE     5     0.2220     0.0921
      NODE     6     0.2166     0.0970
      NODE     7     0.2250     0.0900
      NODE     8     0.2150     0.1000
      NODE     9     0.2220     0.0871
      NODE    10     0.2112     0.0970
      NODE    11     0.2250     0.0850
      NODE    12     0.2100     0.1000
      NODE    13     0.2083     0.0962
      NODE    14     0.2220     0.0822
      NODE    15     0.2071     0.0929
      NODE    16     0.2250     0.0800
      NODE    17     0.2050     0.0950
      NODE    18     0.2220     0.0772
      NODE    19     0.2250     0.0750
      NODE    20     0.2220     0.0723
      NODE    21     0.2250     0.0700
      NODE    22     0.2220     0.0673
      NODE    23     0.2250     0.0650
      NODE    24     0.2220     0.0624
      NODE    25     0.2250     0.0600
      NODE    26     0.2220     0.0574
      NODE    27     0.2250     0.0550
      NODE    28     0.2220     0.0525
      NODE    29     0.2250     0.0500
      NODE    30     0.2220     0.0475
      NODE    31     0.2250     0.0450
      NODE    32     0.2220     0.0426
      NODE    33     0.2250     0.0400
      NODE    34     0.2220     0.0376
      NODE    35     0.2250     0.0350
      NODE    36     0.2220     0.0327
      NODE    37     0.2250     0.0300
      NODE    38     0.2220     0.0277
      NODE    39     0.2250     0.0250
      NODE    40     0.2220     0.0228
      NODE    41     0.2250     0.0200
      NODE    42     0.2220     0.0178
      NODE    43     0.2250     0.0150
      NODE    44     0.2220     0.0129
      NODE    45     0.2250     0.0100
      NODE    46     0.2220     0.0079
      NODE    47     0.2250     0.0050
      NODE    48     0.2220     0.0030
      NODE    49     0.2170     0.0030
      NODE    50     0.2119     0.0030
      NODE    51     0.2069     0.0030
      NODE    52     0.2018     0.0030
      NODE    53     0.2250     0.0000
      NODE    54     0.2200     0.0000
      NODE    55     0.2150     0.0000
      NODE    56     0.1968     0.0030
      NODE    57     0.2100     0.0000
      NODE    58     0.2050     0.0000
      NODE    59     0.1917     0.0030
      NODE    60     0.2220    -0.0030
      NODE    61     0.2000     0.0000
      NODE    62     0.2170    -0.0030
      NODE    63     0.2119    -0.0030
      NODE    64     0.1867     0.0030
      NODE    65     0.1950     0.0000
      NODE    66     0.2069    -0.0030
      NODE    67     0.2250    -0.0050
      NODE    68     0.2018    -0.0030
      NODE    69     0.1900     0.0000
      NODE    70     0.1816     0.0030
      NODE    71     0.1968    -0.0030
      NODE    72     0.1850     0.0000
      NODE    73     0.2220    -0.0079
      NODE    74     0.1917    -0.0030
      NODE    75     0.1766     0.0030
      NODE    76     0.1800     0.0000
      NODE    77     0.1867    -0.0030
      NODE    78     0.2250    -0.0100
      NODE    79     0.1715     0.0030
      NODE    80     0.1816    -0.0030
      NODE    81     0.1750     0.0000
      NODE    82     0.2220    -0.0129
      NODE    83     0.1665     0.0030
      NODE    84     0.1766    -0.0030
      NODE    85     0.1700     0.0000
      NODE    86     0.2250    -0.0150
      NODE    87     0.1615     0.0030
      NODE    88     0.1715    -0.0030
      NODE    89     0.1650     0.0000
      NODE    90     0.2220    -0.0178
      NODE    91     0.1665    -0.0030
      NODE    92     0.1564     0.0030
      NODE    93     0.1600     0.0000
      NODE    94     0.2250    -0.0200
      NODE    95     0.1615    -0.0030
      NODE    96     0.1514     0.0030
      NODE    97     0.1550     0.0000
      NODE    98     0.2220    -0.0228
      NODE    99     0.1564    -0.0030
      NODE   100     0.1463     0.0030
      NODE   101     0.1500     0.0000
      NODE   102     0.2250    -0.0250
      NODE   103     0.1514    -0.0030
      NODE   104     0.2220    -0.0277
      NODE   105     0.1450     0.0000
      NODE   106     0.1413     0.0030
      NODE   107     0.1463    -0.0030
      NODE   108     0.2250    -0.0300
      NODE   109     0.1400     0.0000
      NODE   110     0.1362     0.0030
      NODE   111     0.2220    -0.0327
      NODE   112     0.1413    -0.0030
      NODE   113     0.1350     0.0000
      NODE   114     0.1312     0.0030
      NODE   115     0.2250    -0.0350
      NODE   116     0.1362    -0.0030
      NODE   117     0.2220    -0.0376
      NODE   118     0.1300     0.0000
      NODE   119     0.1261     0.0030
      NODE   120     0.1312    -0.0030
      NODE   121     0.2250    -0.0400
      NODE   122     0.1250     0.0000
      NODE   123     0.1211     0.0030
      NODE   124     0.2220    -0.0426
      NODE   125     0.1261    -0.0030
      NODE   126     0.1200     0.0000
      NODE   127     0.2250    -0.0450
      NODE   128     0.1160     0.0030
      NODE   129     0.1211    -0.0030
      NODE   130     0.2220    -0.0475
      NODE   131     0.1150     0.0000
      NODE   132     0.1110     0.0030
      NODE   133     0.1160    -0.0030
      NODE   134     0.2250    -0.0500
      NODE   135     0.1100     0.0000
      NODE   136     0.2220    -0.0525
      NODE   137     0.1060     0.0030
      NODE   138     0.1110    -0.0030
      NODE   139     0.2250    -0.0550
      NODE   140     0.1050     0.0000
      NODE   141     0.1060    -0.0030
      NODE   142     0.2220    -0.0574
      NODE   143     0.1009     0.0030
      NODE   144     0.2250    -0.0600
      NODE   145     0.1000     0.0000
      NODE   146     0.1009    -0.0030
      NODE   147     0.0959     0.0030
      NODE   148     0.2220    -0.0624
      NODE   149     0.0950     0.0000
      NODE   150     0.2250    -0.0650
      NODE   151     0.0959    -0.0030
      NODE   152     0.0908     0.0030
      NODE   153     0.2220    -0.0673
      NODE   154     0.0900     0.0000
      NODE   155     0.0908    -0.0030
      NODE   156     0.0858     0.0030
      NODE   157     0.2250    -0.0700
      NODE   158     0.0850     0.0000
      NODE   159     0.2220    -0.0723
      NODE   160     0.0858    -0.0030
      NODE   161     0.0807     0.0030
      NODE   162     0.2250    -0.0750
      NODE   163     0.0800     0.0000
      NODE   164     0.2220    -0.0772
      NODE   165     0.0807    -0.0030
      NODE   166     0.0757     0.0030
      NODE   167     0.2250    -0.0800
      NODE   168     0.0750     0.0000
      NODE   169     0.0757    -0.0030
      NODE   170     0.2220    -0.0822
      NODE   171     0.0706     0.0030
      NODE   172     0.0700     0.0000
      NODE   173     0.2250    -0.0850
      NODE   174     0.0706    -0.0030
      NODE   175     0.0656     0.0030
      NODE   176     0.2220    -0.0871
      NODE   177     0.0650     0.0000
      NODE   178     0.0656    -0.0030
      NODE   179     0.2250    -0.0900
      NODE   180     0.0605     0.0030
      NODE   181     0.2220    -0.0921
      NODE   182     0.0600     0.0000
      NODE   183     0.2071    -0.0929
      NODE   184     0.0605    -0.0030
      NODE   185     0.2250    -0.0950
      NODE   186     0.0555     0.0030
      NODE   187     0.2050    -0.0950
      NODE   188     0.2083    -0.0962
      NODE   189     0.2220    -0.0970
      NODE   190     0.2166    -0.0970
      NODE   191     0.0550     0.0000
      NODE   192     0.2112    -0.0970
      NODE   193     0.0555    -0.0030
      NODE   194     0.0505     0.0030
      NODE   195     0.2250    -0.1000
      NODE   196     0.2200    -0.1000
      NODE   197     0.2150    -0.1000
      NODE   198     0.2100    -0.1000
      NODE   199     0.0500     0.0000
      NODE   200     0.0505    -0.0030
      NODE   201     0.0454     0.0030
      NODE   202     0.0450     0.0000
      NODE   203     0.0454    -0.0030
      NODE   204     0.0404     0.0030
      NODE   205     0.0400     0.0000
      NODE   206     0.0404    -0.0030
      NODE   207     0.0353     0.0030
      NODE   208     0.0350     0.0000
      NODE   209     0.0353    -0.0030
      NODE   210     0.0303     0.0030
      NODE   211     0.0300     0.0000
      NODE   212     0.0303    -0.0030
      NODE   213     0.0252     0.0030
      NODE   214     0.0250     0.0000
      NODE   215     0.0252    -0.0030
      NODE   216     0.0202     0.0030
      NODE   217     0.0200     0.0000
      NODE   218     0.0202    -0.0030
      NODE   219     0.0151     0.0030
      NODE   220     0.0150     0.0000
      NODE   221     0.0151    -0.0030
      NODE   222     0.0101     0.0030
      NODE   223     0.0100     0.0000
      NODE   224     0.0101    -0.0030
      NODE   225     0.0050     0.0030
      NODE   226     0.0050     0.0000
      NODE   227     0.0050    -0.0030
      NODE   228     0.0000     0.0030
      NODE   229     0.0000     0.0000
      NODE   230     0.0000    -0.0030
      NODE   231    -0.0050     0.0030
      NODE   232    -0.0050     0.0000
      NODE   233    -0.0050    -0.0030
      NODE   234    -0.0101     0.0030
      NODE   235    -0.0100     0.0000
      NODE   236    -0.0101    -0.0030
      NODE   237    -0.0151     0.0030
      NODE   238    -0.0150     0.0000
      NODE   239    -0.0151    -0.0030
      NODE   240    -0.0202     0.0030
      NODE   241    -0.0200     0.0000
      NODE   242    -0.0202    -0.0030
      NODE   243    -0.0252     0.0030
      NODE   244    -0.0250     0.0000
      NODE   245    -0.0252    -0.0030
      NODE   246    -0.0303     0.0030
      NODE   247    -0.0300     0.0000
      NODE   248    -0.0303    -0.0030
      NODE   249    -0.0353     0.0030
      NODE   250    -0.0350     0.0000
      NODE   251    -0.0353    -0.0030
      NODE   252    -0.0404     0.0030
      NODE   253    -0.0400     0.0000
      NODE   254    -0.0404    -0.0030
      NODE   255    -0.0454     0.0030
      NODE   256    -0.0450     0.0000
      NODE   257    -0.0454    -0.0030
      NODE   258    -0.0505     0.0030
      NODE   259    -0.0500     0.0000
      NODE   260    -0.0505    -0.0030
      NODE   261    -0.0555     0.0030
      NODE   262    -0.0550     0.0000
      NODE   263    -0.0555    -0.0030
      NODE   264    -0.0605     0.0030
      NODE   265    -0.0600     0.0000
      NODE   266    -0.0605    -0.0030
      NODE   267    -0.0656     0.0030
      NODE   268    -0.0650     0.0000
      NODE   269    -0.0656    -0.0030
      NODE   270    -0.0706     0.0030
      NODE   271    -0.0700     0.0000
      NODE   272    -0.0706    -0.0030
      NODE   273    -0.0757     0.0030
      NODE   274    -0.0750     0.0000
      NODE   275    -0.0757    -0.0030
      NODE   276    -0.0807     0.0030
      NODE   277    -0.0800     0.0000
      NODE   278    -0.0807    -0.0030
      NODE   279    -0.0858     0.0030
      NODE   280    -0.0850     0.0000
      NODE   281    -0.0858    -0.0030
      NODE   282    -0.0908     0.0030
      NODE   283    -0.0900     0.0000
      NODE   284    -0.0908    -0.0030
      NODE   285    -0.0959     0.0030
      NODE   286    -0.0950     0.0000
      NODE   287    -0.0959    -0.0030
      NODE   288    -0.1000     0.0000
      NODE   289    -0.1009     0.0030
      NODE   290    -0.1009    -0.0030
      NODE   291    -0.1050     0.0000
      NODE   292    -0.1060     0.0030
      NODE   293    -0.1060    -0.0030
      NODE   294    -0.1100     0.0000
      NODE   295    -0.1110     0.0030
      NODE   296    -0.1110    -0.0030
      NODE   297    -0.1150     0.0000
      NODE   298    -0.1160     0.0030
      NODE   299    -0.1160    -0.0030
      NODE   300    -0.1200     0.0000
      NODE   301    -0.1211     0.0030
      NODE   302    -0.1211    -0.0030
      NODE   303    -0.1250     0.0000
      NODE   304    -0.1261     0.0030
      NODE   305    -0.1261    -0.0030
      NODE   306    -0.1300     0.0000
      NODE   307    -0.1312     0.0030
      NODE   308    -0.1312    -0.0030
      NODE   309    -0.1350     0.0000
      NODE   310    -0.1362     0.0030
      NODE   311    -0.1362    -0.0030
      NODE   312    -0.1400     0.0000
      NODE   313    -0.1413     0.0030
      NODE   314    -0.1413    -0.0030
      NODE   315    -0.1450     0.0000
      NODE   316    -0.1463     0.0030
      NODE   317    -0.1463    -0.0030
      NODE   318    -0.1500     0.0000
      NODE   319    -0.1514     0.0030
      NODE   320    -0.1514    -0.0030
      NODE   321    -0.1550     0.0000
      NODE   322    -0.1564     0.0030
      NODE   323    -0.1564    -0.0030
      NODE   324    -0.1600     0.0000
      NODE   325    -0.1615     0.0030
      NODE   326    -0.1615    -0.0030
      NODE   327    -0.1650     0.0000
      NODE   328    -0.1665     0.0030
      NODE   329    -0.1665    -0.0030
      NODE   330    -0.1700     0.0000
      NODE   331    -0.1715     0.0030
      NODE   332    -0.1715    -0.0030
      NODE   333    -0.1750     0.0000
      NODE   334    -0.1766     0.0030
      NODE   335    -0.1766    -0.0030
      NODE   336    -0.1800     0.0000
      NODE   337    -0.1816     0.0030
      NODE   338    -0.1816    -0.0030
      NODE   339    -0.1850     0.0000
      NODE   340    -0.1867     0.0030
      NODE   341    -0.1867    -0.0030
      NODE   342    -0.1900     0.0000
      NODE   343    -0.1917     0.0030
      NODE   344    -0.1917    -0.0030
      NODE   345    -0.2050     0.0950
      NODE   346    -0.1950     0.0000
      NODE   347    -0.2071     0.0929
      NODE   348    -0.1968     0.0030
      NODE   349    -0.2083     0.0962
      NODE   350    -0.1968    -0.0030
      NODE   351    -0.2100     0.1000
      NODE   352    -0.2112     0.0970
      NODE   353    -0.2000     0.0000
      NODE   354    -0.2018     0.0030
      NODE   355    -0.2018    -0.0030
      NODE   356    -0.2150     0.1000
      NODE   357    -0.2050     0.0000
      NODE   358    -0.2166     0.0970
      NODE   359    -0.2069     0.0030
      NODE   360    -0.2069    -0.0030
      NODE   361    -0.2200     0.1000
      NODE   362    -0.2100     0.0000
      NODE   363    -0.2220     0.0970
      NODE   364    -0.2220     0.0921
      NODE   365    -0.2220     0.0871
      NODE   366    -0.2220     0.0822
      NODE   367    -0.2119     0.0030
      NODE   368    -0.2220     0.0772
      NODE   369    -0.2220     0.0723
      NODE   370    -0.2220     0.0673
      NODE   371    -0.2220     0.0624
      NODE   372    -0.2119    -0.0030
      NODE   373    -0.2220     0.0574
      NODE   374    -0.2220     0.0525
      NODE   375    -0.2250     0.1000
      NODE   376    -0.2250     0.0950
      NODE   377    -0.2220     0.0475
      NODE   378    -0.2250     0.0900
      NODE   379    -0.2250     0.0850
      NODE   380    -0.2250     0.0800
      NODE   381    -0.2220     0.0426
      NODE   382    -0.2250     0.0750
      NODE   383    -0.2250     0.0700
      NODE   384    -0.2150     0.0000
      NODE   385    -0.2220     0.0376
      NODE   386    -0.2250     0.0650
      NODE   387    -0.2250     0.0600
      NODE   388    -0.2220     0.0327
      NODE   389    -0.2250     0.0550
      NODE   390    -0.2170     0.0030
      NODE   391    -0.2250     0.0500
      NODE   392    -0.2220     0.0277
      NODE   393    -0.2250     0.0450
      NODE   394    -0.2220     0.0228
      NODE   395    -0.2170    -0.0030
      NODE   396    -0.2250     0.0400
      NODE   397    -0.2220     0.0178
      NODE   398    -0.2250     0.0350
      NODE   399    -0.2220     0.0129
      NODE   400    -0.2250     0.0300
      NODE   401    -0.2200     0.0000
      NODE   402    -0.2250     0.0250
      NODE   403    -0.2220     0.0079
      NODE   404    -0.2250     0.0200
      NODE   405    -0.2220     0.0030
      NODE   406    -0.2250     0.0150
      NODE   407    -0.2220    -0.0030
      NODE   408    -0.2250     0.0100
      NODE   409    -0.2220    -0.0079
      NODE   410    -0.2250     0.0050
      NODE   411    -0.2250     0.0000
      NODE   412    -0.2220    -0.0129
      NODE   413    -0.2250    -0.0050
      NODE   414    -0.2220    -0.0178
      NODE   415    -0.2250    -0.0100
      NODE   416    -0.2220    -0.0228
      NODE   417    -0.2250    -0.0150
      NODE   418    -0.2220    -0.0277
      NODE   419    -0.2250    -0.0200
      NODE   420    -0.2220    -0.0327
      NODE   421    -0.2250    -0.0250
      NODE   422    -0.2220    -0.0376
      NODE   423    -0.2250    -0.0300
      NODE   424    -0.2220    -0.0426
      NODE   425    -0.2250    -0.0350
      NODE   426    -0.2220    -0.0475
      NODE   427    -0.2250    -0.0400
      NODE   428    -0.2050    -0.0950
      NODE   429    -0.2220    -0.0525
      NODE   430    -0.2250    -0.0450
      NODE   431    -0.2071    -0.0929
      NODE   432    -0.2220    -0.0574
      NODE   433    -0.2250    -0.0500
      NODE   434    -0.2220    -0.0624
      NODE   435    -0.2083    -0.0962
      NODE   436    -0.2250    -0.0550
      NODE   437    -0.2220    -0.0673
      NODE   438    -0.2250    -0.0600
      NODE   439    -0.2112    -0.0970
      NODE   440    -0.2100    -0.1000
      NODE   441    -0.2220    -0.0723
      NODE   442    -0.2250    -0.0650
      NODE   443    -0.2220    -0.0772
      NODE   444    -0.2250    -0.0700
      NODE   445    -0.2220    -0.0822
      NODE   446    -0.2250    -0.0750
      NODE   447    -0.2150    -0.1000
      NODE   448    -0.2166    -0.0970
      NODE   449    -0.2220    -0.0871
      NODE   450    -0.2250    -0.0800
      NODE   451    -0.2220    -0.0921
      NODE   452    -0.2250    -0.0850
      NODE   453    -0.2200    -0.1000
      NODE   454    -0.2250    -0.0900
      NODE   455    -0.2220    -0.0970
      NODE   456    -0.2250    -0.0950
      NODE   457    -0.2250    -0.1000
  NODELINE          0.0000     0.0000
     YC_ZC          0.0000     0.0000
 FIXATIONS
     BLOCK 229 F0
   END_FIX
NODOFSOLID
      ELEM      1    187   183   188    0      1     0.
      ELEM      2    431   428   435    0      1     0.
      ELEM      3    188   183   192    0      1     0.
      ELEM      4    187   188   198    0      1     0.
      ELEM      5    435   428   440    0      1     0.
      ELEM      6    431   435   439    0      1     0.
      ELEM      7    188   192   198    0      1     0.
      ELEM      8    435   440   439    0      1     0.
      ELEM      9    198   192   197    0      1     0.
      ELEM     10    439   440   447    0      1     0.
      ELEM     11    197   192   190    0      1     0.
      ELEM     12    197   190   196    0      1     0.
      ELEM     13    196   190   189    0      1     0.
      ELEM     14    196   189   195    0      1     0.
      ELEM     15    195   189   185    0      1     0.
      ELEM     16    185   189   181    0      1     0.
      ELEM     17    185   181   179    0      1     0.
      ELEM     18    179   181   176    0      1     0.
      ELEM     19    179   176   173    0      1     0.
      ELEM     20    173   176   170    0      1     0.
      ELEM     21    173   170   167    0      1     0.
      ELEM     22    167   170   164    0      1     0.
      ELEM     23    167   164   162    0      1     0.
      ELEM     24    162   164   159    0      1     0.
      ELEM     25    162   159   157    0      1     0.
      ELEM     26    157   159   153    0      1     0.
      ELEM     27    157   153   150    0      1     0.
      ELEM     28    150   153   148    0      1     0.
      ELEM     29    150   148   144    0      1     0.
      ELEM     30    144   148   142    0      1     0.
      ELEM     31    144   142   139    0      1     0.
      ELEM     32    139   142   136    0      1     0.
      ELEM     33    139   136   134    0      1     0.
      ELEM     34    134   136   130    0      1     0.
      ELEM     35    134   130   127    0      1     0.
      ELEM     36    127   130   124    0      1     0.
      ELEM     37    127   124   121    0      1     0.
      ELEM     38    121   124   117    0      1     0.
      ELEM     39    121   117   115    0      1     0.
      ELEM     40    115   117   111    0      1     0.
      ELEM     41    115   111   108    0      1     0.
      ELEM     42    108   111   104    0      1     0.
      ELEM     43    108   104   102    0      1     0.
      ELEM     44    102   104    98    0      1     0.
      ELEM     45    102    98    94    0      1     0.
      ELEM     46     94    98    90    0      1     0.
      ELEM     47     94    90    86    0      1     0.
      ELEM     48     86    90    82    0      1     0.
      ELEM     49     86    82    78    0      1     0.
      ELEM     50     78    82    73    0      1     0.
      ELEM     51     78    73    67    0      1     0.
      ELEM     52     67    73    60    0      1     0.
      ELEM     53     67    60    53    0      1     0.
      ELEM     54     53    60    54    0      1     0.
      ELEM     55     54    60    62    0      1     0.
      ELEM     56     54    62    55    0      1     0.
      ELEM     57     55    62    63    0      1     0.
      ELEM     58     55    63    57    0      1     0.
      ELEM     59     57    63    66    0      1     0.
      ELEM     60     57    66    58    0      1     0.
      ELEM     61     58    66    68    0      1     0.
      ELEM     62     58    68    61    0      1     0.
      ELEM     63     61    68    71    0      1     0.
      ELEM     64     61    71    65    0      1     0.
      ELEM     65     65    71    74    0      1     0.
      ELEM     66     65    74    69    0      1     0.
      ELEM     67     69    74    77    0      1     0.
      ELEM     68     69    77    72    0      1     0.
      ELEM     69     72    77    80    0      1     0.
      ELEM     70     72    80    76    0      1     0.
      ELEM     71     76    80    84    0      1     0.
      ELEM     72     76    84    81    0      1     0.
      ELEM     73     81    84    88    0      1     0.
      ELEM     74     81    88    85    0      1     0.
      ELEM     75     85    88    91    0      1     0.
      ELEM     76     85    91    89    0      1     0.
      ELEM     77     89    91    95    0      1     0.
      ELEM     78     89    95    93    0      1     0.
      ELEM     79     93    95    99    0      1     0.
      ELEM     80     93    99    97    0      1     0.
      ELEM     81     97    99   103    0      1     0.
      ELEM     82     97   103   101    0      1     0.
      ELEM     83    101   103   107    0      1     0.
      ELEM     84    101   107   105    0      1     0.
      ELEM     85    105   107   112    0      1     0.
      ELEM     86    105   112   109    0      1     0.
      ELEM     87    109   112   116    0      1     0.
      ELEM     88    439   447   448    0      1     0.
      ELEM     89    448   447   453    0      1     0.
      ELEM     90    448   453   455    0      1     0.
      ELEM     91    455   453   457    0      1     0.
      ELEM     92    455   457   456    0      1     0.
      ELEM     93    455   456   451    0      1     0.
      ELEM     94    451   456   454    0      1     0.
      ELEM     95    451   454   449    0      1     0.
      ELEM     96    449   454   452    0      1     0.
      ELEM     97    449   452   445    0      1     0.
      ELEM     98    445   452   450    0      1     0.
      ELEM     99    445   450   443    0      1     0.
      ELEM    100    443   450   446    0      1     0.
      ELEM    101    443   446   441    0      1     0.
      ELEM    102    441   446   444    0      1     0.
      ELEM    103    441   444   437    0      1     0.
      ELEM    104    437   444   442    0      1     0.
      ELEM    105    437   442   434    0      1     0.
      ELEM    106    434   442   438    0      1     0.
      ELEM    107    434   438   432    0      1     0.
      ELEM    108    432   438   436    0      1     0.
      ELEM    109    432   436   429    0      1     0.
      ELEM    110    429   436   433    0      1     0.
      ELEM    111    429   433   426    0      1     0.
      ELEM    112    426   433   430    0      1     0.
      ELEM    113    426   430   424    0      1     0.
      ELEM    114    424   430   427    0      1     0.
      ELEM    115    424   427   422    0      1     0.
      ELEM    116    422   427   425    0      1     0.
      ELEM    117    422   425   420    0      1     0.
      ELEM    118    420   425   423    0      1     0.
      ELEM    119    420   423   418    0      1     0.
      ELEM    120    418   423   421    0      1     0.
      ELEM    121    418   421   416    0      1     0.
      ELEM    122    416   421   419    0      1     0.
      ELEM    123    416   419   414    0      1     0.
      ELEM    124    414   419   417    0      1     0.
      ELEM    125    414   417   412    0      1     0.
      ELEM    126    412   417   415    0      1     0.
      ELEM    127    412   415   409    0      1     0.
      ELEM    128    409   415   413    0      1     0.
      ELEM    129    409   413   407    0      1     0.
      ELEM    130    407   413   411    0      1     0.
      ELEM    131    407   411   401    0      1     0.
      ELEM    132    407   401   395    0      1     0.
      ELEM    133    395   401   384    0      1     0.
      ELEM    134    395   384   372    0      1     0.
      ELEM    135    372   384   362    0      1     0.
      ELEM    136    372   362   360    0      1     0.
      ELEM    137    360   362   357    0      1     0.
      ELEM    138    360   357   355    0      1     0.
      ELEM    139    355   357   353    0      1     0.
      ELEM    140    355   353   350    0      1     0.
      ELEM    141    350   353   346    0      1     0.
      ELEM    142    350   346   344    0      1     0.
      ELEM    143    344   346   342    0      1     0.
      ELEM    144    344   342   341    0      1     0.
      ELEM    145    341   342   339    0      1     0.
      ELEM    146    341   339   338    0      1     0.
      ELEM    147    338   339   336    0      1     0.
      ELEM    148    338   336   335    0      1     0.
      ELEM    149    335   336   333    0      1     0.
      ELEM    150    335   333   332    0      1     0.
      ELEM    151    332   333   330    0      1     0.
      ELEM    152    332   330   329    0      1     0.
      ELEM    153    329   330   327    0      1     0.
      ELEM    154    329   327   326    0      1     0.
      ELEM    155    326   327   324    0      1     0.
      ELEM    156    326   324   323    0      1     0.
      ELEM    157    323   324   321    0      1     0.
      ELEM    158    323   321   320    0      1     0.
      ELEM    159    320   321   318    0      1     0.
      ELEM    160    320   318   317    0      1     0.
      ELEM    161    317   318   315    0      1     0.
      ELEM    162    317   315   314    0      1     0.
      ELEM    163    314   315   312    0      1     0.
      ELEM    164    314   312   311    0      1     0.
      ELEM    165    109   116   113    0      1     0.
      ELEM    166    113   116   120    0      1     0.
      ELEM    167    311   312   309    0      1     0.
      ELEM    168    311   309   308    0      1     0.
      ELEM    169    113   120   118    0      1     0.
      ELEM    170    118   120   125    0      1     0.
      ELEM    171    308   309   306    0      1     0.
      ELEM    172    308   306   305    0      1     0.
      ELEM    173    118   125   122    0      1     0.
      ELEM    174    122   125   129    0      1     0.
      ELEM    175    305   306   303    0      1     0.
      ELEM    176    305   303   302    0      1     0.
      ELEM    177    122   129   126    0      1     0.
      ELEM    178    126   129   133    0      1     0.
      ELEM    179    302   303   300    0      1     0.
      ELEM    180    302   300   299    0      1     0.
      ELEM    181    126   133   131    0      1     0.
      ELEM    182    131   133   138    0      1     0.
      ELEM    183    299   300   297    0      1     0.
      ELEM    184    299   297   296    0      1     0.
      ELEM    185    241   238   239    0      1     0.
      ELEM    186    239   238   236    0      1     0.
      ELEM    187    288   286   287    0      1     0.
      ELEM    188    287   286   284    0      1     0.
      ELEM    189    182   177   184    0      1     0.
      ELEM    190    182   184   193    0      1     0.
      ELEM    191    217   214   218    0      1     0.
      ELEM    192    217   218   221    0      1     0.
      ELEM    193    265   262   263    0      1     0.
      ELEM    194    263   262   260    0      1     0.
      ELEM    195    145   140   146    0      1     0.
      ELEM    196    145   146   151    0      1     0.
      ELEM    197    229   226   230    0      1     0.
      ELEM    198    229   230   232    0      1     0.
      ELEM    199    277   274   275    0      1     0.
      ELEM    200    275   274   272    0      1     0.
      ELEM    201    163   158   165    0      1     0.
      ELEM    202    163   165   169    0      1     0.
      ELEM    203    205   202   206    0      1     0.
      ELEM    204    205   206   209    0      1     0.
      ELEM    205    296   297   294    0      1     0.
      ELEM    206    296   294   293    0      1     0.
      ELEM    207    253   250   251    0      1     0.
      ELEM    208    251   250   248    0      1     0.
      ELEM    209    235   232   233    0      1     0.
      ELEM    210    233   232   230    0      1     0.
      ELEM    211    283   280   281    0      1     0.
      ELEM    212    281   280   278    0      1     0.
      ELEM    213    172   168   174    0      1     0.
      ELEM    214    172   174   178    0      1     0.
      ELEM    215    211   208   212    0      1     0.
      ELEM    216    211   212   215    0      1     0.
      ELEM    217    259   256   257    0      1     0.
      ELEM    218    257   256   254    0      1     0.
      ELEM    219    135   131   138    0      1     0.
      ELEM    220    135   138   141    0      1     0.
      ELEM    221    223   220   224    0      1     0.
      ELEM    222    223   224   227    0      1     0.
      ELEM    223    271   268   269    0      1     0.
      ELEM    224    269   268   266    0      1     0.
      ELEM    225    154   149   155    0      1     0.
      ELEM    226    154   155   160    0      1     0.
      ELEM    227    294   291   293    0      1     0.
      ELEM    228    293   291   290    0      1     0.
      ELEM    229    199   191   200    0      1     0.
      ELEM    230    199   200   203    0      1     0.
      ELEM    231    247   244   245    0      1     0.
      ELEM    232    245   244   242    0      1     0.
      ELEM    233    238   235   236    0      1     0.
      ELEM    234    236   235   233    0      1     0.
      ELEM    235    286   283   284    0      1     0.
      ELEM    236    284   283   281    0      1     0.
      ELEM    237    177   172   178    0      1     0.
      ELEM    238    177   178   184    0      1     0.
      ELEM    239    214   211   215    0      1     0.
      ELEM    240    214   215   218    0      1     0.
      ELEM    241    262   259   260    0      1     0.
      ELEM    242    260   259   257    0      1     0.
      ELEM    243    140   135   141    0      1     0.
      ELEM    244    140   141   146    0      1     0.
      ELEM    245    226   223   227    0      1     0.
      ELEM    246    226   227   230    0      1     0.
      ELEM    247    274   271   272    0      1     0.
      ELEM    248    272   271   269    0      1     0.
      ELEM    249    158   154   160    0      1     0.
      ELEM    250    158   160   165    0      1     0.
      ELEM    251    202   199   203    0      1     0.
      ELEM    252    202   203   206    0      1     0.
      ELEM    253    250   247   248    0      1     0.
      ELEM    254    248   247   245    0      1     0.
      ELEM    255    280   277   278    0      1     0.
      ELEM    256    278   277   275    0      1     0.
      ELEM    257    168   163   169    0      1     0.
      ELEM    258    168   169   174    0      1     0.
      ELEM    259    208   205   209    0      1     0.
      ELEM    260    208   209   212    0      1     0.
      ELEM    261    256   253   254    0      1     0.
      ELEM    262    254   253   251    0      1     0.
      ELEM    263    220   217   221    0      1     0.
      ELEM    264    220   221   224    0      1     0.
      ELEM    265    268   265   266    0      1     0.
      ELEM    266    266   265   263    0      1     0.
      ELEM    267    149   145   151    0      1     0.
      ELEM    268    149   151   155    0      1     0.
      ELEM    269    291   288   290    0      1     0.
      ELEM    270    290   288   287    0      1     0.
      ELEM    271    191   182   193    0      1     0.
      ELEM    272    191   193   200    0      1     0.
      ELEM    273    244   241   242    0      1     0.
      ELEM    274    242   241   239    0      1     0.
      ELEM    275     17    15    13    0      1     0.
      ELEM    276    347   345   349    0      1     0.
      ELEM    277     13    15    10    0      1     0.
      ELEM    278     17    13    12    0      1     0.
      ELEM    279    349   345   351    0      1     0.
      ELEM    280    347   349   352    0      1     0.
      ELEM    281     13    10    12    0      1     0.
      ELEM    282    349   351   352    0      1     0.
      ELEM    283     12    10     8    0      1     0.
      ELEM    284    352   351   356    0      1     0.
      ELEM    285      8    10     6    0      1     0.
      ELEM    286      8     6     4    0      1     0.
      ELEM    287      4     6     2    0      1     0.
      ELEM    288      4     2     1    0      1     0.
      ELEM    289      1     2     3    0      1     0.
      ELEM    290      3     2     5    0      1     0.
      ELEM    291      3     5     7    0      1     0.
      ELEM    292      7     5     9    0      1     0.
      ELEM    293      7     9    11    0      1     0.
      ELEM    294     11     9    14    0      1     0.
      ELEM    295     11    14    16    0      1     0.
      ELEM    296     16    14    18    0      1     0.
      ELEM    297     16    18    19    0      1     0.
      ELEM    298     19    18    20    0      1     0.
      ELEM    299     19    20    21    0      1     0.
      ELEM    300     21    20    22    0      1     0.
      ELEM    301     21    22    23    0      1     0.
      ELEM    302     23    22    24    0      1     0.
      ELEM    303     23    24    25    0      1     0.
      ELEM    304     25    24    26    0      1     0.
      ELEM    305     25    26    27    0      1     0.
      ELEM    306     27    26    28    0      1     0.
      ELEM    307     27    28    29    0      1     0.
      ELEM    308     29    28    30    0      1     0.
      ELEM    309     29    30    31    0      1     0.
      ELEM    310     31    30    32    0      1     0.
      ELEM    311     31    32    33    0      1     0.
      ELEM    312     33    32    34    0      1     0.
      ELEM    313     33    34    35    0      1     0.
      ELEM    314     35    34    36    0      1     0.
      ELEM    315     35    36    37    0      1     0.
      ELEM    316     37    36    38    0      1     0.
      ELEM    317     37    38    39    0      1     0.
      ELEM    318     39    38    40    0      1     0.
      ELEM    319     39    40    41    0      1     0.
      ELEM    320     41    40    42    0      1     0.
      ELEM    321     41    42    43    0      1     0.
      ELEM    322     43    42    44    0      1     0.
      ELEM    323     43    44    45    0      1     0.
      ELEM    324     45    44    46    0      1     0.
      ELEM    325     45    46    47    0      1     0.
      ELEM    326     47    46    48    0      1     0.
      ELEM    327     47    48    53    0      1     0.
      ELEM    328     53    48    54    0      1     0.
      ELEM    329     54    48    49    0      1     0.
      ELEM    330     54    49    55    0      1     0.
      ELEM    331     55    49    50    0      1     0.
      ELEM    332     55    50    57    0      1     0.
      ELEM    333     57    50    51    0      1     0.
      ELEM    334     57    51    58    0      1     0.
      ELEM    335     58    51    52    0      1     0.
      ELEM    336     58    52    61    0      1     0.
      ELEM    337     61    52    56    0      1     0.
      ELEM    338     61    56    65    0      1     0.
      ELEM    339     65    56    59    0      1     0.
      ELEM    340     65    59    69    0      1     0.
      ELEM    341     69    59    64    0      1     0.
      ELEM    342     69    64    72    0      1     0.
      ELEM    343     72    64    70    0      1     0.
      ELEM    344     72    70    76    0      1     0.
      ELEM    345     76    70    75    0      1     0.
      ELEM    346     76    75    81    0      1     0.
      ELEM    347     81    75    79    0      1     0.
      ELEM    348     81    79    85    0      1     0.
      ELEM    349     85    79    83    0      1     0.
      ELEM    350     85    83    89    0      1     0.
      ELEM    351     89    83    87    0      1     0.
      ELEM    352     89    87    93    0      1     0.
      ELEM    353     93    87    92    0      1     0.
      ELEM    354     93    92    97    0      1     0.
      ELEM    355     97    92    96    0      1     0.
      ELEM    356     97    96   101    0      1     0.
      ELEM    357    101    96   100    0      1     0.
      ELEM    358    101   100   105    0      1     0.
      ELEM    359    105   100   106    0      1     0.
      ELEM    360    105   106   109    0      1     0.
      ELEM    361    109   106   110    0      1     0.
      ELEM    362    352   356   358    0      1     0.
      ELEM    363    358   356   361    0      1     0.
      ELEM    364    358   361   363    0      1     0.
      ELEM    365    363   361   375    0      1     0.
      ELEM    366    363   375   376    0      1     0.
      ELEM    367    363   376   364    0      1     0.
      ELEM    368    364   376   378    0      1     0.
      ELEM    369    364   378   365    0      1     0.
      ELEM    370    365   378   379    0      1     0.
      ELEM    371    365   379   366    0      1     0.
      ELEM    372    366   379   380    0      1     0.
      ELEM    373    366   380   368    0      1     0.
      ELEM    374    368   380   382    0      1     0.
      ELEM    375    368   382   369    0      1     0.
      ELEM    376    369   382   383    0      1     0.
      ELEM    377    369   383   370    0      1     0.
      ELEM    378    370   383   386    0      1     0.
      ELEM    379    370   386   371    0      1     0.
      ELEM    380    371   386   387    0      1     0.
      ELEM    381    371   387   373    0      1     0.
      ELEM    382    373   387   389    0      1     0.
      ELEM    383    373   389   374    0      1     0.
      ELEM    384    374   389   391    0      1     0.
      ELEM    385    374   391   377    0      1     0.
      ELEM    386    377   391   393    0      1     0.
      ELEM    387    377   393   381    0      1     0.
      ELEM    388    381   393   396    0      1     0.
      ELEM    389    381   396   385    0      1     0.
      ELEM    390    385   396   398    0      1     0.
      ELEM    391    385   398   388    0      1     0.
      ELEM    392    388   398   400    0      1     0.
      ELEM    393    388   400   392    0      1     0.
      ELEM    394    392   400   402    0      1     0.
      ELEM    395    392   402   394    0      1     0.
      ELEM    396    394   402   404    0      1     0.
      ELEM    397    394   404   397    0      1     0.
      ELEM    398    397   404   406    0      1     0.
      ELEM    399    397   406   399    0      1     0.
      ELEM    400    399   406   408    0      1     0.
      ELEM    401    399   408   403    0      1     0.
      ELEM    402    403   408   410    0      1     0.
      ELEM    403    403   410   405    0      1     0.
      ELEM    404    405   410   411    0      1     0.
      ELEM    405    405   411   401    0      1     0.
      ELEM    406    405   401   390    0      1     0.
      ELEM    407    390   401   384    0      1     0.
      ELEM    408    390   384   367    0      1     0.
      ELEM    409    367   384   362    0      1     0.
      ELEM    410    367   362   359    0      1     0.
      ELEM    411    359   362   357    0      1     0.
      ELEM    412    359   357   354    0      1     0.
      ELEM    413    354   357   353    0      1     0.
      ELEM    414    354   353   348    0      1     0.
      ELEM    415    348   353   346    0      1     0.
      ELEM    416    348   346   343    0      1     0.
      ELEM    417    343   346   342    0      1     0.
      ELEM    418    343   342   340    0      1     0.
      ELEM    419    340   342   339    0      1     0.
      ELEM    420    340   339   337    0      1     0.
      ELEM    421    337   339   336    0      1     0.
      ELEM    422    337   336   334    0      1     0.
      ELEM    423    334   336   333    0      1     0.
      ELEM    424    334   333   331    0      1     0.
      ELEM    425    331   333   330    0      1     0.
      ELEM    426    331   330   328    0      1     0.
      ELEM    427    328   330   327    0      1     0.
      ELEM    428    328   327   325    0      1     0.
      ELEM    429    325   327   324    0      1     0.
      ELEM    430    325   324   322    0      1     0.
      ELEM    431    322   324   321    0      1     0.
      ELEM    432    322   321   319    0      1     0.
      ELEM    433    319   321   318    0      1     0.
      ELEM    434    319   318   316    0      1     0.
      ELEM    435    316   318   315    0      1     0.
      ELEM    436    316   315   313    0      1     0.
      ELEM    437    313   315   312    0      1     0.
      ELEM    438    313   312   310    0      1     0.
      ELEM    439    109   110   113    0      1     0.
      ELEM    440    113   110   114    0      1     0.
      ELEM    441    310   312   309    0      1     0.
      ELEM    442    310   309   307    0      1     0.
      ELEM    443    113   114   118    0      1     0.
      ELEM    444    118   114   119    0      1     0.
      ELEM    445    307   309   306    0      1     0.
      ELEM    446    307   306   304    0      1     0.
      ELEM    447    118   119   122    0      1     0.
      ELEM    448    122   119   123    0      1     0.
      ELEM    449    304   306   303    0      1     0.
      ELEM    450    304   303   301    0      1     0.
      ELEM    451    122   123   126    0      1     0.
      ELEM    452    126   123   128    0      1     0.
      ELEM    453    301   303   300    0      1     0.
      ELEM    454    301   300   298    0      1     0.
      ELEM    455    126   128   131    0      1     0.
      ELEM    456    131   128   132    0      1     0.
      ELEM    457    298   300   297    0      1     0.
      ELEM    458    298   297   295    0      1     0.
      ELEM    459    241   238   237    0      1     0.
      ELEM    460    237   238   234    0      1     0.
      ELEM    461    288   286   285    0      1     0.
      ELEM    462    285   286   282    0      1     0.
      ELEM    463    182   177   180    0      1     0.
      ELEM    464    182   180   186    0      1     0.
      ELEM    465    217   214   216    0      1     0.
      ELEM    466    217   216   219    0      1     0.
      ELEM    467    265   262   261    0      1     0.
      ELEM    468    261   262   258    0      1     0.
      ELEM    469    145   140   143    0      1     0.
      ELEM    470    145   143   147    0      1     0.
      ELEM    471    229   226   228    0      1     0.
      ELEM    472    229   228   232    0      1     0.
      ELEM    473    277   274   273    0      1     0.
      ELEM    474    273   274   270    0      1     0.
      ELEM    475    163   158   161    0      1     0.
      ELEM    476    163   161   166    0      1     0.
      ELEM    477    205   202   204    0      1     0.
      ELEM    478    205   204   207    0      1     0.
      ELEM    479    295   297   294    0      1     0.
      ELEM    480    295   294   292    0      1     0.
      ELEM    481    253   250   249    0      1     0.
      ELEM    482    249   250   246    0      1     0.
      ELEM    483    235   232   231    0      1     0.
      ELEM    484    231   232   228    0      1     0.
      ELEM    485    283   280   279    0      1     0.
      ELEM    486    279   280   276    0      1     0.
      ELEM    487    172   168   171    0      1     0.
      ELEM    488    172   171   175    0      1     0.
      ELEM    489    211   208   210    0      1     0.
      ELEM    490    211   210   213    0      1     0.
      ELEM    491    259   256   255    0      1     0.
      ELEM    492    255   256   252    0      1     0.
      ELEM    493    135   131   132    0      1     0.
      ELEM    494    135   132   137    0      1     0.
      ELEM    495    223   220   222    0      1     0.
      ELEM    496    223   222   225    0      1     0.
      ELEM    497    271   268   267    0      1     0.
      ELEM    498    267   268   264    0      1     0.
      ELEM    499    154   149   152    0      1     0.
      ELEM    500    154   152   156    0      1     0.
      ELEM    501    294   291   292    0      1     0.
      ELEM    502    292   291   289    0      1     0.
      ELEM    503    199   191   194    0      1     0.
      ELEM    504    199   194   201    0      1     0.
      ELEM    505    247   244   243    0      1     0.
      ELEM    506    243   244   240    0      1     0.
      ELEM    507    238   235   234    0      1     0.
      ELEM    508    234   235   231    0      1     0.
      ELEM    509    286   283   282    0      1     0.
      ELEM    510    282   283   279    0      1     0.
      ELEM    511    177   172   175    0      1     0.
      ELEM    512    177   175   180    0      1     0.
      ELEM    513    214   211   213    0      1     0.
      ELEM    514    214   213   216    0      1     0.
      ELEM    515    262   259   258    0      1     0.
      ELEM    516    258   259   255    0      1     0.
      ELEM    517    140   135   137    0      1     0.
      ELEM    518    140   137   143    0      1     0.
      ELEM    519    226   223   225    0      1     0.
      ELEM    520    226   225   228    0      1     0.
      ELEM    521    274   271   270    0      1     0.
      ELEM    522    270   271   267    0      1     0.
      ELEM    523    158   154   156    0      1     0.
      ELEM    524    158   156   161    0      1     0.
      ELEM    525    202   199   201    0      1     0.
      ELEM    526    202   201   204    0      1     0.
      ELEM    527    250   247   246    0      1     0.
      ELEM    528    246   247   243    0      1     0.
      ELEM    529    280   277   276    0      1     0.
      ELEM    530    276   277   273    0      1     0.
      ELEM    531    168   163   166    0      1     0.
      ELEM    532    168   166   171    0      1     0.
      ELEM    533    208   205   207    0      1     0.
      ELEM    534    208   207   210    0      1     0.
      ELEM    535    256   253   252    0      1     0.
      ELEM    536    252   253   249    0      1     0.
      ELEM    537    220   217   219    0      1     0.
      ELEM    538    220   219   222    0      1     0.
      ELEM    539    268   265   264    0      1     0.
      ELEM    540    264   265   261    0      1     0.
      ELEM    541    149   145   147    0      1     0.
      ELEM    542    149   147   152    0      1     0.
      ELEM    543    291   288   289    0      1     0.
      ELEM    544    289   288   285    0      1     0.
      ELEM    545    191   182   186    0      1     0.
      ELEM    546    191   186   194    0      1     0.
      ELEM    547    244   241   240    0      1     0.
      ELEM    548    240   241   237    0      1     0.
  SYMMETRY
   END_SYM
 PRECISION     1.E-3
 MATERIALS
STEELEC3EN
          2.1e11 0.3 4.20e8 1200. 0.
IMPRESSION
 TIMEPRINT 
        10       1800
END_TIMEPR
