AUTOTOR 
InputFile created with GiD-SAFIR_2016 Interface
Safir_Thermal_Analysis
Mesh_from_GID-Mesher

     NNODE   568
      NDIM    2
   NDOFMAX    1
       FROM    1   TO   568 STEP    1 NDDL    1
   END_NDDL
    NCORES           4
  TEMPERAT
      TETA        0.9
  TINITIAL       20.0
MAKE.TEM
 NORENUM
      NMAT 1
  ELEMENTS
     SOLID   665
        NG    2
     NVOID     0
  END_ELEM
     NODES
      NODE     1    -0.2250     0.1000
      NODE     2    -0.2220     0.0970
      NODE     3    -0.2200     0.1000
      NODE     4    -0.2250     0.0950
      NODE     5    -0.2220     0.0921
      NODE     6    -0.2166     0.0970
      NODE     7    -0.2250     0.0900
      NODE     8    -0.2150     0.1000
      NODE     9    -0.2220     0.0871
      NODE    10    -0.2112     0.0970
      NODE    11    -0.2250     0.0850
      NODE    12    -0.2100     0.1000
      NODE    13    -0.2083     0.0962
      NODE    14    -0.2220     0.0822
      NODE    15    -0.2071     0.0929
      NODE    16    -0.2250     0.0800
      NODE    17    -0.2050     0.0950
      NODE    18    -0.2220     0.0772
      NODE    19    -0.2250     0.0750
      NODE    20    -0.2220     0.0723
      NODE    21    -0.2250     0.0700
      NODE    22    -0.2220     0.0673
      NODE    23    -0.2250     0.0650
      NODE    24    -0.2220     0.0624
      NODE    25    -0.2250     0.0600
      NODE    26    -0.2220     0.0574
      NODE    27    -0.2250     0.0550
      NODE    28    -0.2220     0.0525
      NODE    29    -0.2250     0.0500
      NODE    30    -0.2220     0.0475
      NODE    31    -0.2250     0.0450
      NODE    32    -0.2220     0.0426
      NODE    33    -0.2250     0.0400
      NODE    34    -0.2220     0.0376
      NODE    35    -0.2250     0.0350
      NODE    36    -0.2220     0.0327
      NODE    37    -0.2250     0.0300
      NODE    38    -0.2220     0.0277
      NODE    39    -0.2250     0.0250
      NODE    40    -0.2220     0.0228
      NODE    41    -0.2250     0.0200
      NODE    42    -0.2220     0.0178
      NODE    43    -0.2250     0.0150
      NODE    44    -0.2220     0.0129
      NODE    45    -0.2250     0.0100
      NODE    46    -0.2220     0.0079
      NODE    47    -0.2250     0.0050
      NODE    48    -0.2220     0.0030
      NODE    49    -0.2170     0.0030
      NODE    50    -0.2120     0.0030
      NODE    51    -0.2070     0.0030
      NODE    52    -0.2020     0.0030
      NODE    53    -0.2250     0.0000
      NODE    54    -0.2200     0.0000
      NODE    55    -0.2200     0.0000
      NODE    56    -0.2150     0.0000
      NODE    57    -0.2150     0.0000
      NODE    58    -0.1971     0.0030
      NODE    59    -0.2100     0.0000
      NODE    60    -0.2100     0.0000
      NODE    61    -0.2050     0.0000
      NODE    62    -0.2050     0.0000
      NODE    63    -0.1921     0.0030
      NODE    64    -0.2220    -0.0030
      NODE    65    -0.2000     0.0000
      NODE    66    -0.2000     0.0000
      NODE    67    -0.2170    -0.0030
      NODE    68    -0.2120    -0.0030
      NODE    69    -0.1871     0.0030
      NODE    70    -0.1950     0.0000
      NODE    71    -0.1950     0.0000
      NODE    72    -0.2070    -0.0030
      NODE    73    -0.2250    -0.0050
      NODE    74    -0.2020    -0.0030
      NODE    75    -0.1900     0.0000
      NODE    76    -0.1900     0.0000
      NODE    77    -0.1821     0.0030
      NODE    78    -0.1971    -0.0030
      NODE    79    -0.1850     0.0000
      NODE    80    -0.1850     0.0000
      NODE    81    -0.2220    -0.0079
      NODE    82    -0.1921    -0.0030
      NODE    83    -0.1771     0.0030
      NODE    84    -0.1800     0.0000
      NODE    85    -0.1800     0.0000
      NODE    86    -0.1871    -0.0030
      NODE    87    -0.2250    -0.0100
      NODE    88    -0.1721     0.0030
      NODE    89    -0.1821    -0.0030
      NODE    90    -0.1750     0.0000
      NODE    91    -0.1750     0.0000
      NODE    92    -0.2220    -0.0129
      NODE    93    -0.1671     0.0030
      NODE    94    -0.1771    -0.0030
      NODE    95    -0.1700     0.0000
      NODE    96    -0.1700     0.0000
      NODE    97    -0.2250    -0.0150
      NODE    98    -0.1621     0.0030
      NODE    99    -0.1721    -0.0030
      NODE   100    -0.1650     0.0000
      NODE   101    -0.1650     0.0000
      NODE   102    -0.2220    -0.0178
      NODE   103    -0.1671    -0.0030
      NODE   104    -0.1571     0.0030
      NODE   105    -0.1600     0.0000
      NODE   106    -0.1600     0.0000
      NODE   107    -0.2250    -0.0200
      NODE   108    -0.1621    -0.0030
      NODE   109    -0.1522     0.0030
      NODE   110    -0.1550     0.0000
      NODE   111    -0.1550     0.0000
      NODE   112    -0.2220    -0.0228
      NODE   113    -0.1571    -0.0030
      NODE   114    -0.1472     0.0030
      NODE   115    -0.1500     0.0000
      NODE   116    -0.2250    -0.0250
      NODE   117    -0.1500     0.0000
      NODE   118    -0.1522    -0.0030
      NODE   119    -0.1422     0.0030
      NODE   120    -0.2220    -0.0277
      NODE   121    -0.1450     0.0000
      NODE   122    -0.1450     0.0000
      NODE   123    -0.1472    -0.0030
      NODE   124    -0.2250    -0.0300
      NODE   125    -0.1372     0.0030
      NODE   126    -0.1400     0.0000
      NODE   127    -0.1400     0.0000
      NODE   128    -0.1422    -0.0030
      NODE   129    -0.2220    -0.0327
      NODE   130    -0.1322     0.0030
      NODE   131    -0.1350     0.0000
      NODE   132    -0.1350     0.0000
      NODE   133    -0.2250    -0.0350
      NODE   134    -0.1372    -0.0030
      NODE   135    -0.2220    -0.0376
      NODE   136    -0.1272     0.0030
      NODE   137    -0.1300     0.0000
      NODE   138    -0.1300     0.0000
      NODE   139    -0.1322    -0.0030
      NODE   140    -0.2250    -0.0400
      NODE   141    -0.1222     0.0030
      NODE   142    -0.1250     0.0000
      NODE   143    -0.1250     0.0000
      NODE   144    -0.1272    -0.0030
      NODE   145    -0.2220    -0.0426
      NODE   146    -0.1172     0.0030
      NODE   147    -0.1200     0.0000
      NODE   148    -0.2250    -0.0450
      NODE   149    -0.1200     0.0000
      NODE   150    -0.1222    -0.0030
      NODE   151    -0.2220    -0.0475
      NODE   152    -0.1150     0.0000
      NODE   153    -0.1150     0.0000
      NODE   154    -0.1122     0.0030
      NODE   155    -0.1172    -0.0030
      NODE   156    -0.2250    -0.0500
      NODE   157    -0.1100     0.0000
      NODE   158    -0.1100     0.0000
      NODE   159    -0.2220    -0.0525
      NODE   160    -0.1073     0.0030
      NODE   161    -0.1122    -0.0030
      NODE   162    -0.2250    -0.0550
      NODE   163    -0.1050     0.0000
      NODE   164    -0.1050     0.0000
      NODE   165    -0.1023     0.0030
      NODE   166    -0.1073    -0.0030
      NODE   167    -0.2220    -0.0574
      NODE   168    -0.2250    -0.0600
      NODE   169    -0.1000     0.0000
      NODE   170    -0.1000     0.0000
      NODE   171    -0.1023    -0.0030
      NODE   172    -0.0973     0.0030
      NODE   173    -0.2220    -0.0624
      NODE   174    -0.0950     0.0000
      NODE   175    -0.0950     0.0000
      NODE   176    -0.0973    -0.0030
      NODE   177    -0.0923     0.0030
      NODE   178    -0.2250    -0.0650
      NODE   179    -0.2220    -0.0673
      NODE   180    -0.0923    -0.0030
      NODE   181    -0.0900     0.0000
      NODE   182    -0.0900     0.0000
      NODE   183    -0.0873     0.0030
      NODE   184    -0.2250    -0.0700
      NODE   185    -0.0873    -0.0030
      NODE   186    -0.0850     0.0000
      NODE   187    -0.0850     0.0000
      NODE   188    -0.2220    -0.0723
      NODE   189    -0.0823     0.0030
      NODE   190    -0.2250    -0.0750
      NODE   191    -0.0823    -0.0030
      NODE   192    -0.0800     0.0000
      NODE   193    -0.0800     0.0000
      NODE   194    -0.0773     0.0030
      NODE   195    -0.2220    -0.0772
      NODE   196    -0.2250    -0.0800
      NODE   197    -0.0773    -0.0030
      NODE   198    -0.0750     0.0000
      NODE   199    -0.0750     0.0000
      NODE   200    -0.0723     0.0030
      NODE   201    -0.2220    -0.0822
      NODE   202    -0.0723    -0.0030
      NODE   203    -0.0700     0.0000
      NODE   204    -0.0700     0.0000
      NODE   205    -0.2250    -0.0850
      NODE   206    -0.0673     0.0030
      NODE   207    -0.2220    -0.0871
      NODE   208    -0.0673    -0.0030
      NODE   209    -0.0650     0.0000
      NODE   210    -0.0650     0.0000
      NODE   211    -0.0624     0.0030
      NODE   212    -0.2250    -0.0900
      NODE   213    -0.2220    -0.0921
      NODE   214    -0.0624    -0.0030
      NODE   215    -0.0600     0.0000
      NODE   216    -0.0600     0.0000
      NODE   217    -0.0574     0.0030
      NODE   218    -0.2071    -0.0929
      NODE   219    -0.2250    -0.0950
      NODE   220    -0.2050    -0.0950
      NODE   221    -0.0574    -0.0030
      NODE   222    -0.2083    -0.0962
      NODE   223    -0.2220    -0.0970
      NODE   224    -0.2166    -0.0970
      NODE   225    -0.0550     0.0000
      NODE   226    -0.0550     0.0000
      NODE   227    -0.2112    -0.0970
      NODE   228    -0.0524     0.0030
      NODE   229    -0.2250    -0.1000
      NODE   230    -0.2200    -0.1000
      NODE   231    -0.2150    -0.1000
      NODE   232    -0.2100    -0.1000
      NODE   233    -0.0524    -0.0030
      NODE   234    -0.0500     0.0000
      NODE   235    -0.0500     0.0000
      NODE   236    -0.0474     0.0030
      NODE   237    -0.0474    -0.0030
      NODE   238    -0.0450     0.0000
      NODE   239    -0.0450     0.0000
      NODE   240    -0.0424     0.0030
      NODE   241    -0.0424    -0.0030
      NODE   242    -0.0400     0.0000
      NODE   243    -0.0400     0.0000
      NODE   244    -0.0374     0.0030
      NODE   245    -0.0374    -0.0030
      NODE   246    -0.0350     0.0000
      NODE   247    -0.0350     0.0000
      NODE   248    -0.0324     0.0030
      NODE   249    -0.0324    -0.0030
      NODE   250    -0.0300     0.0000
      NODE   251    -0.0300     0.0000
      NODE   252    -0.0274     0.0030
      NODE   253    -0.0274    -0.0030
      NODE   254    -0.0250     0.0000
      NODE   255    -0.0250     0.0000
      NODE   256    -0.0224     0.0030
      NODE   257    -0.0224    -0.0030
      NODE   258    -0.0200     0.0000
      NODE   259    -0.0200     0.0000
      NODE   260    -0.0175     0.0030
      NODE   261    -0.0175    -0.0030
      NODE   262    -0.0150     0.0000
      NODE   263    -0.0150     0.0000
      NODE   264    -0.0125     0.0030
      NODE   265    -0.0125    -0.0030
      NODE   266    -0.0100     0.0000
      NODE   267    -0.0100     0.0000
      NODE   268    -0.0075     0.0030
      NODE   269    -0.0075    -0.0030
      NODE   270    -0.0050     0.0000
      NODE   271    -0.0050     0.0000
      NODE   272    -0.0025     0.0030
      NODE   273    -0.0025    -0.0030
      NODE   274     0.0000     0.0000
      NODE   275     0.0025     0.0030
      NODE   276     0.0025    -0.0030
      NODE   277     0.0050     0.0000
      NODE   278     0.0050     0.0000
      NODE   279     0.0075     0.0030
      NODE   280     0.0075    -0.0030
      NODE   281     0.0100     0.0000
      NODE   282     0.0100     0.0000
      NODE   283     0.0125     0.0030
      NODE   284     0.0125    -0.0030
      NODE   285     0.0150     0.0000
      NODE   286     0.0150     0.0000
      NODE   287     0.0175     0.0030
      NODE   288     0.0175    -0.0030
      NODE   289     0.0200     0.0000
      NODE   290     0.0200     0.0000
      NODE   291     0.0224     0.0030
      NODE   292     0.0224    -0.0030
      NODE   293     0.0250     0.0000
      NODE   294     0.0250     0.0000
      NODE   295     0.0274     0.0030
      NODE   296     0.0274    -0.0030
      NODE   297     0.0300     0.0000
      NODE   298     0.0300     0.0000
      NODE   299     0.0324     0.0030
      NODE   300     0.0324    -0.0030
      NODE   301     0.0350     0.0000
      NODE   302     0.0350     0.0000
      NODE   303     0.0374     0.0030
      NODE   304     0.0374    -0.0030
      NODE   305     0.0400     0.0000
      NODE   306     0.0400     0.0000
      NODE   307     0.0424     0.0030
      NODE   308     0.0424    -0.0030
      NODE   309     0.0450     0.0000
      NODE   310     0.0450     0.0000
      NODE   311     0.0474     0.0030
      NODE   312     0.0474    -0.0030
      NODE   313     0.0500     0.0000
      NODE   314     0.0500     0.0000
      NODE   315     0.0524     0.0030
      NODE   316     0.0524    -0.0030
      NODE   317     0.0550     0.0000
      NODE   318     0.0550     0.0000
      NODE   319     0.0574     0.0030
      NODE   320     0.0574    -0.0030
      NODE   321     0.0600     0.0000
      NODE   322     0.0600     0.0000
      NODE   323     0.0624     0.0030
      NODE   324     0.0624    -0.0030
      NODE   325     0.0650     0.0000
      NODE   326     0.0650     0.0000
      NODE   327     0.0673     0.0030
      NODE   328     0.0673    -0.0030
      NODE   329     0.0700     0.0000
      NODE   330     0.0700     0.0000
      NODE   331     0.0723     0.0030
      NODE   332     0.0723    -0.0030
      NODE   333     0.0750     0.0000
      NODE   334     0.0750     0.0000
      NODE   335     0.0773     0.0030
      NODE   336     0.0773    -0.0030
      NODE   337     0.0800     0.0000
      NODE   338     0.0800     0.0000
      NODE   339     0.0823     0.0030
      NODE   340     0.0823    -0.0030
      NODE   341     0.0850     0.0000
      NODE   342     0.0850     0.0000
      NODE   343     0.0873     0.0030
      NODE   344     0.0873    -0.0030
      NODE   345     0.0900     0.0000
      NODE   346     0.0900     0.0000
      NODE   347     0.0923     0.0030
      NODE   348     0.0923    -0.0030
      NODE   349     0.0950     0.0000
      NODE   350     0.0950     0.0000
      NODE   351     0.0973     0.0030
      NODE   352     0.0973    -0.0030
      NODE   353     0.1000     0.0000
      NODE   354     0.1000     0.0000
      NODE   355     0.1023     0.0030
      NODE   356     0.1023    -0.0030
      NODE   357     0.1050     0.0000
      NODE   358     0.1050     0.0000
      NODE   359     0.1073     0.0030
      NODE   360     0.1073    -0.0030
      NODE   361     0.1100     0.0000
      NODE   362     0.1100     0.0000
      NODE   363     0.1122     0.0030
      NODE   364     0.1122    -0.0030
      NODE   365     0.1150     0.0000
      NODE   366     0.1150     0.0000
      NODE   367     0.1172     0.0030
      NODE   368     0.1172    -0.0030
      NODE   369     0.1200     0.0000
      NODE   370     0.1200     0.0000
      NODE   371     0.1222     0.0030
      NODE   372     0.1222    -0.0030
      NODE   373     0.1250     0.0000
      NODE   374     0.1250     0.0000
      NODE   375     0.1272     0.0030
      NODE   376     0.1272    -0.0030
      NODE   377     0.1300     0.0000
      NODE   378     0.1300     0.0000
      NODE   379     0.1322     0.0030
      NODE   380     0.1322    -0.0030
      NODE   381     0.1350     0.0000
      NODE   382     0.1350     0.0000
      NODE   383     0.1372     0.0030
      NODE   384     0.1372    -0.0030
      NODE   385     0.1400     0.0000
      NODE   386     0.1400     0.0000
      NODE   387     0.1422     0.0030
      NODE   388     0.1422    -0.0030
      NODE   389     0.1450     0.0000
      NODE   390     0.1450     0.0000
      NODE   391     0.1472     0.0030
      NODE   392     0.1472    -0.0030
      NODE   393     0.1500     0.0000
      NODE   394     0.1500     0.0000
      NODE   395     0.1522     0.0030
      NODE   396     0.1522    -0.0030
      NODE   397     0.1550     0.0000
      NODE   398     0.1550     0.0000
      NODE   399     0.1571     0.0030
      NODE   400     0.1571    -0.0030
      NODE   401     0.1600     0.0000
      NODE   402     0.1600     0.0000
      NODE   403     0.1621     0.0030
      NODE   404     0.1621    -0.0030
      NODE   405     0.1650     0.0000
      NODE   406     0.1650     0.0000
      NODE   407     0.1671     0.0030
      NODE   408     0.1671    -0.0030
      NODE   409     0.1700     0.0000
      NODE   410     0.1700     0.0000
      NODE   411     0.1721     0.0030
      NODE   412     0.1721    -0.0030
      NODE   413     0.1750     0.0000
      NODE   414     0.1750     0.0000
      NODE   415     0.1771     0.0030
      NODE   416     0.1771    -0.0030
      NODE   417     0.1800     0.0000
      NODE   418     0.1800     0.0000
      NODE   419     0.1821     0.0030
      NODE   420     0.1821    -0.0030
      NODE   421     0.1850     0.0000
      NODE   422     0.1850     0.0000
      NODE   423     0.1871     0.0030
      NODE   424     0.1871    -0.0030
      NODE   425     0.1900     0.0000
      NODE   426     0.1900     0.0000
      NODE   427     0.1921     0.0030
      NODE   428     0.1921    -0.0030
      NODE   429     0.2050     0.0950
      NODE   430     0.1950     0.0000
      NODE   431     0.1950     0.0000
      NODE   432     0.2071     0.0929
      NODE   433     0.1971     0.0030
      NODE   434     0.2083     0.0962
      NODE   435     0.1971    -0.0030
      NODE   436     0.2100     0.1000
      NODE   437     0.2112     0.0970
      NODE   438     0.2000     0.0000
      NODE   439     0.2000     0.0000
      NODE   440     0.2020     0.0030
      NODE   441     0.2020    -0.0030
      NODE   442     0.2150     0.1000
      NODE   443     0.2050     0.0000
      NODE   444     0.2050     0.0000
      NODE   445     0.2166     0.0970
      NODE   446     0.2070     0.0030
      NODE   447     0.2070    -0.0030
      NODE   448     0.2200     0.1000
      NODE   449     0.2100     0.0000
      NODE   450     0.2100     0.0000
      NODE   451     0.2220     0.0970
      NODE   452     0.2220     0.0921
      NODE   453     0.2220     0.0871
      NODE   454     0.2220     0.0822
      NODE   455     0.2220     0.0772
      NODE   456     0.2120     0.0030
      NODE   457     0.2220     0.0723
      NODE   458     0.2220     0.0673
      NODE   459     0.2220     0.0624
      NODE   460     0.2120    -0.0030
      NODE   461     0.2220     0.0574
      NODE   462     0.2220     0.0525
      NODE   463     0.2250     0.1000
      NODE   464     0.2250     0.0950
      NODE   465     0.2220     0.0475
      NODE   466     0.2250     0.0900
      NODE   467     0.2250     0.0850
      NODE   468     0.2250     0.0800
      NODE   469     0.2220     0.0426
      NODE   470     0.2250     0.0750
      NODE   471     0.2250     0.0700
      NODE   472     0.2150     0.0000
      NODE   473     0.2150     0.0000
      NODE   474     0.2220     0.0376
      NODE   475     0.2250     0.0650
      NODE   476     0.2250     0.0600
      NODE   477     0.2220     0.0327
      NODE   478     0.2250     0.0550
      NODE   479     0.2170     0.0030
      NODE   480     0.2250     0.0500
      NODE   481     0.2220     0.0277
      NODE   482     0.2250     0.0450
      NODE   483     0.2220     0.0228
      NODE   484     0.2170    -0.0030
      NODE   485     0.2250     0.0400
      NODE   486     0.2220     0.0178
      NODE   487     0.2250     0.0350
      NODE   488     0.2220     0.0129
      NODE   489     0.2250     0.0300
      NODE   490     0.2200     0.0000
      NODE   491     0.2200     0.0000
      NODE   492     0.2250     0.0250
      NODE   493     0.2220     0.0079
      NODE   494     0.2250     0.0200
      NODE   495     0.2220     0.0030
      NODE   496     0.2250     0.0150
      NODE   497     0.2220    -0.0030
      NODE   498     0.2250     0.0100
      NODE   499     0.2220    -0.0079
      NODE   500     0.2250     0.0050
      NODE   501     0.2250     0.0000
      NODE   502     0.2220    -0.0129
      NODE   503     0.2250    -0.0050
      NODE   504     0.2250    -0.0050
      NODE   505     0.2220    -0.0178
      NODE   506     0.2250    -0.0100
      NODE   507     0.2250    -0.0100
      NODE   508     0.2220    -0.0228
      NODE   509     0.2250    -0.0150
      NODE   510     0.2250    -0.0150
      NODE   511     0.2220    -0.0277
      NODE   512     0.2250    -0.0200
      NODE   513     0.2250    -0.0200
      NODE   514     0.2220    -0.0327
      NODE   515     0.2250    -0.0250
      NODE   516     0.2250    -0.0250
      NODE   517     0.2220    -0.0376
      NODE   518     0.2250    -0.0300
      NODE   519     0.2250    -0.0300
      NODE   520     0.2220    -0.0426
      NODE   521     0.2250    -0.0350
      NODE   522     0.2250    -0.0350
      NODE   523     0.2220    -0.0475
      NODE   524     0.2250    -0.0400
      NODE   525     0.2250    -0.0400
      NODE   526     0.2050    -0.0950
      NODE   527     0.2220    -0.0525
      NODE   528     0.2250    -0.0450
      NODE   529     0.2250    -0.0450
      NODE   530     0.2071    -0.0929
      NODE   531     0.2220    -0.0574
      NODE   532     0.2250    -0.0500
      NODE   533     0.2250    -0.0500
      NODE   534     0.2220    -0.0624
      NODE   535     0.2083    -0.0962
      NODE   536     0.2250    -0.0550
      NODE   537     0.2250    -0.0550
      NODE   538     0.2220    -0.0673
      NODE   539     0.2250    -0.0600
      NODE   540     0.2250    -0.0600
      NODE   541     0.2112    -0.0970
      NODE   542     0.2100    -0.1000
      NODE   543     0.2220    -0.0723
      NODE   544     0.2250    -0.0650
      NODE   545     0.2250    -0.0650
      NODE   546     0.2220    -0.0772
      NODE   547     0.2250    -0.0700
      NODE   548     0.2250    -0.0700
      NODE   549     0.2220    -0.0822
      NODE   550     0.2250    -0.0750
      NODE   551     0.2250    -0.0750
      NODE   552     0.2150    -0.1000
      NODE   553     0.2150    -0.1000
      NODE   554     0.2166    -0.0970
      NODE   555     0.2220    -0.0871
      NODE   556     0.2250    -0.0800
      NODE   557     0.2250    -0.0800
      NODE   558     0.2220    -0.0921
      NODE   559     0.2250    -0.0850
      NODE   560     0.2250    -0.0850
      NODE   561     0.2200    -0.1000
      NODE   562     0.2200    -0.1000
      NODE   563     0.2250    -0.0900
      NODE   564     0.2250    -0.0900
      NODE   565     0.2220    -0.0970
      NODE   566     0.2250    -0.0950
      NODE   567     0.2250    -0.0950
      NODE   568     0.2250    -0.1000
  NODELINE          0.0000     0.0000
     YC_ZC          0.0000     0.0000
 FIXATIONS
   END_FIX
NODOFSOLID
      ELEM       1     526   530   535    0       1     0.
      ELEM       2     218   220   222    0       1     0.
      ELEM       3     535   530   541    0       1     0.
      ELEM       4     526   535   542    0       1     0.
      ELEM       5     222   220   232    0       1     0.
      ELEM       6     218   222   227    0       1     0.
      ELEM       7     535   541   542    0       1     0.
      ELEM       8     222   232   227    0       1     0.
      ELEM       9     542   541   553    0       1     0.
      ELEM      10     227   232   231    0       1     0.
      ELEM      11     553   541   554    0       1     0.
      ELEM      12     553   554   561    0       1     0.
      ELEM      13     561   554   565    0       1     0.
      ELEM      14     561   565   568    0       1     0.
      ELEM      15     568   565   566    0       1     0.
      ELEM      16     566   565   558    0       1     0.
      ELEM      17     566   558   564    0       1     0.
      ELEM      18     564   558   555    0       1     0.
      ELEM      19     564   555   560    0       1     0.
      ELEM      20     560   555   549    0       1     0.
      ELEM      21     560   549   557    0       1     0.
      ELEM      22     557   549   546    0       1     0.
      ELEM      23     557   546   551    0       1     0.
      ELEM      24     551   546   543    0       1     0.
      ELEM      25     551   543   548    0       1     0.
      ELEM      26     548   543   538    0       1     0.
      ELEM      27     548   538   544    0       1     0.
      ELEM      28     544   538   534    0       1     0.
      ELEM      29     544   534   540    0       1     0.
      ELEM      30     540   534   531    0       1     0.
      ELEM      31     540   531   537    0       1     0.
      ELEM      32     537   531   527    0       1     0.
      ELEM      33     537   527   532    0       1     0.
      ELEM      34     532   527   523    0       1     0.
      ELEM      35     532   523   528    0       1     0.
      ELEM      36     528   523   520    0       1     0.
      ELEM      37     528   520   525    0       1     0.
      ELEM      38     525   520   517    0       1     0.
      ELEM      39     525   517   521    0       1     0.
      ELEM      40     521   517   514    0       1     0.
      ELEM      41     521   514   518    0       1     0.
      ELEM      42     518   514   511    0       1     0.
      ELEM      43     518   511   515    0       1     0.
      ELEM      44     515   511   508    0       1     0.
      ELEM      45     515   508   513    0       1     0.
      ELEM      46     513   508   505    0       1     0.
      ELEM      47     513   505   510    0       1     0.
      ELEM      48     510   505   502    0       1     0.
      ELEM      49     510   502   506    0       1     0.
      ELEM      50     506   502   499    0       1     0.
      ELEM      51     506   499   503    0       1     0.
      ELEM      52     503   499   497    0       1     0.
      ELEM      53     503   497   501    0       1     0.
      ELEM      54     501   497   491    0       1     0.
      ELEM      55     491   497   484    0       1     0.
      ELEM      56     491   484   473    0       1     0.
      ELEM      57     473   484   460    0       1     0.
      ELEM      58     473   460   449    0       1     0.
      ELEM      59     449   460   447    0       1     0.
      ELEM      60     449   447   444    0       1     0.
      ELEM      61     444   447   441    0       1     0.
      ELEM      62     444   441   439    0       1     0.
      ELEM      63     439   441   435    0       1     0.
      ELEM      64     439   435   430    0       1     0.
      ELEM      65     430   435   428    0       1     0.
      ELEM      66     430   428   426    0       1     0.
      ELEM      67     426   428   424    0       1     0.
      ELEM      68     426   424   422    0       1     0.
      ELEM      69     422   424   420    0       1     0.
      ELEM      70     422   420   417    0       1     0.
      ELEM      71     417   420   416    0       1     0.
      ELEM      72     417   416   414    0       1     0.
      ELEM      73     414   416   412    0       1     0.
      ELEM      74     414   412   409    0       1     0.
      ELEM      75     409   412   408    0       1     0.
      ELEM      76     409   408   406    0       1     0.
      ELEM      77     406   408   404    0       1     0.
      ELEM      78     406   404   402    0       1     0.
      ELEM      79     402   404   400    0       1     0.
      ELEM      80     402   400   397    0       1     0.
      ELEM      81     397   400   396    0       1     0.
      ELEM      82     397   396   393    0       1     0.
      ELEM      83     393   396   392    0       1     0.
      ELEM      84     393   392   389    0       1     0.
      ELEM      85     389   392   388    0       1     0.
      ELEM      86     389   388   386    0       1     0.
      ELEM      87     386   388   384    0       1     0.
      ELEM      88     386   384   382    0       1     0.
      ELEM      89     382   384   380    0       1     0.
      ELEM      90     382   380   377    0       1     0.
      ELEM      91     377   380   376    0       1     0.
      ELEM      92     377   376   373    0       1     0.
      ELEM      93     373   376   372    0       1     0.
      ELEM      94     373   372   369    0       1     0.
      ELEM      95     369   372   368    0       1     0.
      ELEM      96     369   368   365    0       1     0.
      ELEM      97     365   368   364    0       1     0.
      ELEM      98     365   364   361    0       1     0.
      ELEM      99     361   364   360    0       1     0.
      ELEM     100     361   360   358    0       1     0.
      ELEM     101     358   360   356    0       1     0.
      ELEM     102     358   356   354    0       1     0.
      ELEM     103     354   356   352    0       1     0.
      ELEM     104     354   352   350    0       1     0.
      ELEM     105     350   352   348    0       1     0.
      ELEM     106     350   348   346    0       1     0.
      ELEM     107     346   348   344    0       1     0.
      ELEM     108     346   344   341    0       1     0.
      ELEM     109     341   344   340    0       1     0.
      ELEM     110     341   340   338    0       1     0.
      ELEM     111     338   340   336    0       1     0.
      ELEM     112     338   336   333    0       1     0.
      ELEM     113     333   336   332    0       1     0.
      ELEM     114     333   332   329    0       1     0.
      ELEM     115     329   332   328    0       1     0.
      ELEM     116     329   328   325    0       1     0.
      ELEM     117     325   328   324    0       1     0.
      ELEM     118     325   324   321    0       1     0.
      ELEM     119     321   324   320    0       1     0.
      ELEM     120     321   320   317    0       1     0.
      ELEM     121     317   320   316    0       1     0.
      ELEM     122     317   316   314    0       1     0.
      ELEM     123     314   316   312    0       1     0.
      ELEM     124     314   312   309    0       1     0.
      ELEM     125     309   312   308    0       1     0.
      ELEM     126     309   308   306    0       1     0.
      ELEM     127     306   308   304    0       1     0.
      ELEM     128     306   304   302    0       1     0.
      ELEM     129     302   304   300    0       1     0.
      ELEM     130     302   300   297    0       1     0.
      ELEM     131     297   300   296    0       1     0.
      ELEM     132     297   296   294    0       1     0.
      ELEM     133     294   296   292    0       1     0.
      ELEM     134     294   292   290    0       1     0.
      ELEM     135     290   292   288    0       1     0.
      ELEM     136     290   288   286    0       1     0.
      ELEM     137     286   288   284    0       1     0.
      ELEM     138     286   284   282    0       1     0.
      ELEM     139     282   284   280    0       1     0.
      ELEM     140     282   280   278    0       1     0.
      ELEM     141     278   280   276    0       1     0.
      ELEM     142     278   276   274    0       1     0.
      ELEM     143     274   276   273    0       1     0.
      ELEM     144     274   273   271    0       1     0.
      ELEM     145     271   273   269    0       1     0.
      ELEM     146     271   269   267    0       1     0.
      ELEM     147     267   269   265    0       1     0.
      ELEM     148     267   265   263    0       1     0.
      ELEM     149     263   265   261    0       1     0.
      ELEM     150     263   261   258    0       1     0.
      ELEM     151     258   261   257    0       1     0.
      ELEM     152     258   257   254    0       1     0.
      ELEM     153     254   257   253    0       1     0.
      ELEM     154     254   253   251    0       1     0.
      ELEM     155     251   253   249    0       1     0.
      ELEM     156     251   249   247    0       1     0.
      ELEM     157     247   249   245    0       1     0.
      ELEM     158     247   245   242    0       1     0.
      ELEM     159     242   245   241    0       1     0.
      ELEM     160     242   241   238    0       1     0.
      ELEM     161     238   241   237    0       1     0.
      ELEM     162     238   237   234    0       1     0.
      ELEM     163     234   237   233    0       1     0.
      ELEM     164     234   233   225    0       1     0.
      ELEM     165     225   233   221    0       1     0.
      ELEM     166     225   221   215    0       1     0.
      ELEM     167     215   221   214    0       1     0.
      ELEM     168     215   214   209    0       1     0.
      ELEM     169     209   214   208    0       1     0.
      ELEM     170     209   208   203    0       1     0.
      ELEM     171     203   208   202    0       1     0.
      ELEM     172     203   202   198    0       1     0.
      ELEM     173     198   202   197    0       1     0.
      ELEM     174     198   197   192    0       1     0.
      ELEM     175     192   197   191    0       1     0.
      ELEM     176     192   191   186    0       1     0.
      ELEM     177     186   191   185    0       1     0.
      ELEM     178     186   185   181    0       1     0.
      ELEM     179     181   185   180    0       1     0.
      ELEM     180     181   180   174    0       1     0.
      ELEM     181     174   180   176    0       1     0.
      ELEM     182     174   176   169    0       1     0.
      ELEM     183     169   176   171    0       1     0.
      ELEM     184     169   171   163    0       1     0.
      ELEM     185     163   171   166    0       1     0.
      ELEM     186     163   166   157    0       1     0.
      ELEM     187     157   166   161    0       1     0.
      ELEM     188     157   161   152    0       1     0.
      ELEM     189     152   161   155    0       1     0.
      ELEM     190     152   155   147    0       1     0.
      ELEM     191     147   155   150    0       1     0.
      ELEM     192     147   150   142    0       1     0.
      ELEM     193     142   150   144    0       1     0.
      ELEM     194     142   144   137    0       1     0.
      ELEM     195     137   144   139    0       1     0.
      ELEM     196     137   139   131    0       1     0.
      ELEM     197     131   139   134    0       1     0.
      ELEM     198     131   134   126    0       1     0.
      ELEM     199     126   134   128    0       1     0.
      ELEM     200     126   128   121    0       1     0.
      ELEM     201     121   128   123    0       1     0.
      ELEM     202     121   123   115    0       1     0.
      ELEM     203     115   123   118    0       1     0.
      ELEM     204     115   118   110    0       1     0.
      ELEM     205     110   118   113    0       1     0.
      ELEM     206     110   113   105    0       1     0.
      ELEM     207     105   113   108    0       1     0.
      ELEM     208     105   108   100    0       1     0.
      ELEM     209     100   108   103    0       1     0.
      ELEM     210     100   103    95    0       1     0.
      ELEM     211      95   103    99    0       1     0.
      ELEM     212      95    99    90    0       1     0.
      ELEM     213      90    99    94    0       1     0.
      ELEM     214      90    94    84    0       1     0.
      ELEM     215      84    94    89    0       1     0.
      ELEM     216      84    89    79    0       1     0.
      ELEM     217      79    89    86    0       1     0.
      ELEM     218      79    86    75    0       1     0.
      ELEM     219      75    86    82    0       1     0.
      ELEM     220      75    82    71    0       1     0.
      ELEM     221      71    82    78    0       1     0.
      ELEM     222      71    78    65    0       1     0.
      ELEM     223      65    78    74    0       1     0.
      ELEM     224      65    74    61    0       1     0.
      ELEM     225      61    74    72    0       1     0.
      ELEM     226      61    72    59    0       1     0.
      ELEM     227      59    72    68    0       1     0.
      ELEM     228      59    68    56    0       1     0.
      ELEM     229      56    68    67    0       1     0.
      ELEM     230      56    67    55    0       1     0.
      ELEM     231      55    67    64    0       1     0.
      ELEM     232      55    64    53    0       1     0.
      ELEM     233      53    64    73    0       1     0.
      ELEM     234      73    64    81    0       1     0.
      ELEM     235      73    81    87    0       1     0.
      ELEM     236      87    81    92    0       1     0.
      ELEM     237      87    92    97    0       1     0.
      ELEM     238      97    92   102    0       1     0.
      ELEM     239      97   102   107    0       1     0.
      ELEM     240     107   102   112    0       1     0.
      ELEM     241     107   112   116    0       1     0.
      ELEM     242     116   112   120    0       1     0.
      ELEM     243     116   120   124    0       1     0.
      ELEM     244     124   120   129    0       1     0.
      ELEM     245     124   129   133    0       1     0.
      ELEM     246     133   129   135    0       1     0.
      ELEM     247     133   135   140    0       1     0.
      ELEM     248     140   135   145    0       1     0.
      ELEM     249     140   145   148    0       1     0.
      ELEM     250     148   145   151    0       1     0.
      ELEM     251     148   151   156    0       1     0.
      ELEM     252     156   151   159    0       1     0.
      ELEM     253     156   159   162    0       1     0.
      ELEM     254     162   159   167    0       1     0.
      ELEM     255     162   167   168    0       1     0.
      ELEM     256     168   167   173    0       1     0.
      ELEM     257     168   173   178    0       1     0.
      ELEM     258     178   173   179    0       1     0.
      ELEM     259     178   179   184    0       1     0.
      ELEM     260     184   179   188    0       1     0.
      ELEM     261     184   188   190    0       1     0.
      ELEM     262     190   188   195    0       1     0.
      ELEM     263     190   195   196    0       1     0.
      ELEM     264     196   195   201    0       1     0.
      ELEM     265     196   201   205    0       1     0.
      ELEM     266     205   201   207    0       1     0.
      ELEM     267     205   207   212    0       1     0.
      ELEM     268     212   207   213    0       1     0.
      ELEM     269     212   213   219    0       1     0.
      ELEM     270     219   213   223    0       1     0.
      ELEM     271     219   223   229    0       1     0.
      ELEM     272     229   223   230    0       1     0.
      ELEM     273     230   223   224    0       1     0.
      ELEM     274     230   224   231    0       1     0.
      ELEM     275     231   224   227    0       1     0.
      ELEM     276     429   432   434    0       1     0.
      ELEM     277      15    17    13    0       1     0.
      ELEM     278     434   432   437    0       1     0.
      ELEM     279     429   434   436    0       1     0.
      ELEM     280      13    17    12    0       1     0.
      ELEM     281      15    13    10    0       1     0.
      ELEM     282     434   437   436    0       1     0.
      ELEM     283      13    12    10    0       1     0.
      ELEM     284     436   437   442    0       1     0.
      ELEM     285      10    12     8    0       1     0.
      ELEM     286     442   437   445    0       1     0.
      ELEM     287     442   445   448    0       1     0.
      ELEM     288     448   445   451    0       1     0.
      ELEM     289     448   451   463    0       1     0.
      ELEM     290     463   451   464    0       1     0.
      ELEM     291     464   451   452    0       1     0.
      ELEM     292     464   452   466    0       1     0.
      ELEM     293     466   452   453    0       1     0.
      ELEM     294     466   453   467    0       1     0.
      ELEM     295     467   453   454    0       1     0.
      ELEM     296     467   454   468    0       1     0.
      ELEM     297     468   454   455    0       1     0.
      ELEM     298     468   455   470    0       1     0.
      ELEM     299     470   455   457    0       1     0.
      ELEM     300     470   457   471    0       1     0.
      ELEM     301     471   457   458    0       1     0.
      ELEM     302     471   458   475    0       1     0.
      ELEM     303     475   458   459    0       1     0.
      ELEM     304     475   459   476    0       1     0.
      ELEM     305     476   459   461    0       1     0.
      ELEM     306     476   461   478    0       1     0.
      ELEM     307     478   461   462    0       1     0.
      ELEM     308     478   462   480    0       1     0.
      ELEM     309     480   462   465    0       1     0.
      ELEM     310     480   465   482    0       1     0.
      ELEM     311     482   465   469    0       1     0.
      ELEM     312     482   469   485    0       1     0.
      ELEM     313     485   469   474    0       1     0.
      ELEM     314     485   474   487    0       1     0.
      ELEM     315     487   474   477    0       1     0.
      ELEM     316     487   477   489    0       1     0.
      ELEM     317     489   477   481    0       1     0.
      ELEM     318     489   481   492    0       1     0.
      ELEM     319     492   481   483    0       1     0.
      ELEM     320     492   483   494    0       1     0.
      ELEM     321     494   483   486    0       1     0.
      ELEM     322     494   486   496    0       1     0.
      ELEM     323     496   486   488    0       1     0.
      ELEM     324     496   488   498    0       1     0.
      ELEM     325     498   488   493    0       1     0.
      ELEM     326     498   493   500    0       1     0.
      ELEM     327     500   493   495    0       1     0.
      ELEM     328     500   495   501    0       1     0.
      ELEM     329     501   495   491    0       1     0.
      ELEM     330     491   495   479    0       1     0.
      ELEM     331     491   479   473    0       1     0.
      ELEM     332     473   479   456    0       1     0.
      ELEM     333     473   456   449    0       1     0.
      ELEM     334     449   456   446    0       1     0.
      ELEM     335     449   446   444    0       1     0.
      ELEM     336     444   446   440    0       1     0.
      ELEM     337     444   440   439    0       1     0.
      ELEM     338     439   440   433    0       1     0.
      ELEM     339     439   433   430    0       1     0.
      ELEM     340     430   433   427    0       1     0.
      ELEM     341     430   427   426    0       1     0.
      ELEM     342     426   427   423    0       1     0.
      ELEM     343     426   423   422    0       1     0.
      ELEM     344     422   423   419    0       1     0.
      ELEM     345     422   419   417    0       1     0.
      ELEM     346     417   419   415    0       1     0.
      ELEM     347     417   415   414    0       1     0.
      ELEM     348     414   415   411    0       1     0.
      ELEM     349     414   411   409    0       1     0.
      ELEM     350     409   411   407    0       1     0.
      ELEM     351     409   407   406    0       1     0.
      ELEM     352     406   407   403    0       1     0.
      ELEM     353     406   403   402    0       1     0.
      ELEM     354     402   403   399    0       1     0.
      ELEM     355     402   399   397    0       1     0.
      ELEM     356     397   399   395    0       1     0.
      ELEM     357     397   395   393    0       1     0.
      ELEM     358     393   395   391    0       1     0.
      ELEM     359     393   391   389    0       1     0.
      ELEM     360     389   391   387    0       1     0.
      ELEM     361     389   387   386    0       1     0.
      ELEM     362     386   387   383    0       1     0.
      ELEM     363     386   383   382    0       1     0.
      ELEM     364     382   383   379    0       1     0.
      ELEM     365     382   379   377    0       1     0.
      ELEM     366     377   379   375    0       1     0.
      ELEM     367     377   375   373    0       1     0.
      ELEM     368     373   375   371    0       1     0.
      ELEM     369     373   371   369    0       1     0.
      ELEM     370     369   371   367    0       1     0.
      ELEM     371     369   367   365    0       1     0.
      ELEM     372     365   367   363    0       1     0.
      ELEM     373     365   363   361    0       1     0.
      ELEM     374     361   363   359    0       1     0.
      ELEM     375     361   359   358    0       1     0.
      ELEM     376     358   359   355    0       1     0.
      ELEM     377     358   355   354    0       1     0.
      ELEM     378     354   355   351    0       1     0.
      ELEM     379     354   351   350    0       1     0.
      ELEM     380     350   351   347    0       1     0.
      ELEM     381     350   347   346    0       1     0.
      ELEM     382     346   347   343    0       1     0.
      ELEM     383     346   343   341    0       1     0.
      ELEM     384     341   343   339    0       1     0.
      ELEM     385     341   339   338    0       1     0.
      ELEM     386     338   339   335    0       1     0.
      ELEM     387     338   335   333    0       1     0.
      ELEM     388     333   335   331    0       1     0.
      ELEM     389     333   331   329    0       1     0.
      ELEM     390     329   331   327    0       1     0.
      ELEM     391     329   327   325    0       1     0.
      ELEM     392     325   327   323    0       1     0.
      ELEM     393     325   323   321    0       1     0.
      ELEM     394     321   323   319    0       1     0.
      ELEM     395     321   319   317    0       1     0.
      ELEM     396     317   319   315    0       1     0.
      ELEM     397     317   315   314    0       1     0.
      ELEM     398     314   315   311    0       1     0.
      ELEM     399     314   311   309    0       1     0.
      ELEM     400     309   311   307    0       1     0.
      ELEM     401     309   307   306    0       1     0.
      ELEM     402     306   307   303    0       1     0.
      ELEM     403     306   303   302    0       1     0.
      ELEM     404     302   303   299    0       1     0.
      ELEM     405     302   299   297    0       1     0.
      ELEM     406     297   299   295    0       1     0.
      ELEM     407     297   295   294    0       1     0.
      ELEM     408     294   295   291    0       1     0.
      ELEM     409     294   291   290    0       1     0.
      ELEM     410     290   291   287    0       1     0.
      ELEM     411     290   287   286    0       1     0.
      ELEM     412     286   287   283    0       1     0.
      ELEM     413     286   283   282    0       1     0.
      ELEM     414     282   283   279    0       1     0.
      ELEM     415     282   279   278    0       1     0.
      ELEM     416     278   279   275    0       1     0.
      ELEM     417     278   275   274    0       1     0.
      ELEM     418     274   275   272    0       1     0.
      ELEM     419     274   272   271    0       1     0.
      ELEM     420     271   272   268    0       1     0.
      ELEM     421     271   268   267    0       1     0.
      ELEM     422     267   268   264    0       1     0.
      ELEM     423     267   264   263    0       1     0.
      ELEM     424     263   264   260    0       1     0.
      ELEM     425     263   260   258    0       1     0.
      ELEM     426     258   260   256    0       1     0.
      ELEM     427     258   256   254    0       1     0.
      ELEM     428     254   256   252    0       1     0.
      ELEM     429     254   252   251    0       1     0.
      ELEM     430     251   252   248    0       1     0.
      ELEM     431     251   248   247    0       1     0.
      ELEM     432     247   248   244    0       1     0.
      ELEM     433     247   244   242    0       1     0.
      ELEM     434     242   244   240    0       1     0.
      ELEM     435     242   240   238    0       1     0.
      ELEM     436     238   240   236    0       1     0.
      ELEM     437     238   236   234    0       1     0.
      ELEM     438     234   236   228    0       1     0.
      ELEM     439     234   228   225    0       1     0.
      ELEM     440     225   228   217    0       1     0.
      ELEM     441     225   217   215    0       1     0.
      ELEM     442     215   217   211    0       1     0.
      ELEM     443     215   211   209    0       1     0.
      ELEM     444     209   211   206    0       1     0.
      ELEM     445     209   206   203    0       1     0.
      ELEM     446     203   206   200    0       1     0.
      ELEM     447     203   200   198    0       1     0.
      ELEM     448     198   200   194    0       1     0.
      ELEM     449     198   194   192    0       1     0.
      ELEM     450     192   194   189    0       1     0.
      ELEM     451     192   189   186    0       1     0.
      ELEM     452     186   189   183    0       1     0.
      ELEM     453     186   183   181    0       1     0.
      ELEM     454     181   183   177    0       1     0.
      ELEM     455     181   177   174    0       1     0.
      ELEM     456     174   177   172    0       1     0.
      ELEM     457     174   172   169    0       1     0.
      ELEM     458     169   172   165    0       1     0.
      ELEM     459     169   165   163    0       1     0.
      ELEM     460     163   165   160    0       1     0.
      ELEM     461     163   160   157    0       1     0.
      ELEM     462     157   160   154    0       1     0.
      ELEM     463     157   154   152    0       1     0.
      ELEM     464     152   154   146    0       1     0.
      ELEM     465     152   146   147    0       1     0.
      ELEM     466     147   146   141    0       1     0.
      ELEM     467     147   141   142    0       1     0.
      ELEM     468     142   141   136    0       1     0.
      ELEM     469     142   136   137    0       1     0.
      ELEM     470     137   136   130    0       1     0.
      ELEM     471     137   130   131    0       1     0.
      ELEM     472     131   130   125    0       1     0.
      ELEM     473     131   125   126    0       1     0.
      ELEM     474     126   125   119    0       1     0.
      ELEM     475     126   119   121    0       1     0.
      ELEM     476     121   119   114    0       1     0.
      ELEM     477     121   114   115    0       1     0.
      ELEM     478     115   114   109    0       1     0.
      ELEM     479     115   109   110    0       1     0.
      ELEM     480     110   109   104    0       1     0.
      ELEM     481     110   104   105    0       1     0.
      ELEM     482     105   104    98    0       1     0.
      ELEM     483     105    98   100    0       1     0.
      ELEM     484     100    98    93    0       1     0.
      ELEM     485     100    93    95    0       1     0.
      ELEM     486      95    93    88    0       1     0.
      ELEM     487      95    88    90    0       1     0.
      ELEM     488      90    88    83    0       1     0.
      ELEM     489      90    83    84    0       1     0.
      ELEM     490      84    83    77    0       1     0.
      ELEM     491      84    77    79    0       1     0.
      ELEM     492      79    77    69    0       1     0.
      ELEM     493      79    69    75    0       1     0.
      ELEM     494      75    69    63    0       1     0.
      ELEM     495      75    63    71    0       1     0.
      ELEM     496      71    63    58    0       1     0.
      ELEM     497      71    58    65    0       1     0.
      ELEM     498      65    58    52    0       1     0.
      ELEM     499      65    52    61    0       1     0.
      ELEM     500      61    52    51    0       1     0.
      ELEM     501      61    51    59    0       1     0.
      ELEM     502      59    51    50    0       1     0.
      ELEM     503      59    50    56    0       1     0.
      ELEM     504      56    50    49    0       1     0.
      ELEM     505      56    49    55    0       1     0.
      ELEM     506      55    49    48    0       1     0.
      ELEM     507      55    48    53    0       1     0.
      ELEM     508      53    48    47    0       1     0.
      ELEM     509      47    48    46    0       1     0.
      ELEM     510      47    46    45    0       1     0.
      ELEM     511      45    46    44    0       1     0.
      ELEM     512      45    44    43    0       1     0.
      ELEM     513      43    44    42    0       1     0.
      ELEM     514      43    42    41    0       1     0.
      ELEM     515      41    42    40    0       1     0.
      ELEM     516      41    40    39    0       1     0.
      ELEM     517      39    40    38    0       1     0.
      ELEM     518      39    38    37    0       1     0.
      ELEM     519      37    38    36    0       1     0.
      ELEM     520      37    36    35    0       1     0.
      ELEM     521      35    36    34    0       1     0.
      ELEM     522      35    34    33    0       1     0.
      ELEM     523      33    34    32    0       1     0.
      ELEM     524      33    32    31    0       1     0.
      ELEM     525      31    32    30    0       1     0.
      ELEM     526      31    30    29    0       1     0.
      ELEM     527      29    30    28    0       1     0.
      ELEM     528      29    28    27    0       1     0.
      ELEM     529      27    28    26    0       1     0.
      ELEM     530      27    26    25    0       1     0.
      ELEM     531      25    26    24    0       1     0.
      ELEM     532      25    24    23    0       1     0.
      ELEM     533      23    24    22    0       1     0.
      ELEM     534      23    22    21    0       1     0.
      ELEM     535      21    22    20    0       1     0.
      ELEM     536      21    20    19    0       1     0.
      ELEM     537      19    20    18    0       1     0.
      ELEM     538      19    18    16    0       1     0.
      ELEM     539      16    18    14    0       1     0.
      ELEM     540      16    14    11    0       1     0.
      ELEM     541      11    14     9    0       1     0.
      ELEM     542      11     9     7    0       1     0.
      ELEM     543       7     9     5    0       1     0.
      ELEM     544       7     5     4    0       1     0.
      ELEM     545       4     5     2    0       1     0.
      ELEM     546       4     2     1    0       1     0.
      ELEM     547       1     2     3    0       1     0.
      ELEM     548       3     2     6    0       1     0.
      ELEM     549       3     6     8    0       1     0.
      ELEM     550       8     6    10    0       1     0.
      ELEM     551     530   526    0       0     0.
      ELEM     552     526   542    0       0     0.
      ELEM     553     542   552    0       0     0.
      ELEM     554     552   562    0       0     0.
      ELEM     555     562   568    0       0     0.
      ELEM     556     568   567    0       0     0.
      ELEM     557     567   563    0       0     0.
      ELEM     558     563   559    0       0     0.
      ELEM     559     559   556    0       0     0.
      ELEM     560     556   550    0       0     0.
      ELEM     561     550   547    0       0     0.
      ELEM     562     547   545    0       0     0.
      ELEM     563     545   539    0       0     0.
      ELEM     564     539   536    0       0     0.
      ELEM     565     536   533    0       0     0.
      ELEM     566     533   529    0       0     0.
      ELEM     567     529   524    0       0     0.
      ELEM     568     524   522    0       0     0.
      ELEM     569     522   519    0       0     0.
      ELEM     570     519   516    0       0     0.
      ELEM     571     516   512    0       0     0.
      ELEM     572     512   509    0       0     0.
      ELEM     573     509   507    0       0     0.
      ELEM     574     507   504    0       0     0.
      ELEM     575     504   501    0       0     0.
      ELEM     576     501   490    0       0     0.
      ELEM     577     490   472    0       0     0.
      ELEM     578     472   450    0       0     0.
      ELEM     579     450   443    0       0     0.
      ELEM     580     443   438    0       0     0.
      ELEM     581     438   431    0       0     0.
      ELEM     582     431   425    0       0     0.
      ELEM     583     425   421    0       0     0.
      ELEM     584     421   418    0       0     0.
      ELEM     585     418   413    0       0     0.
      ELEM     586     413   410    0       0     0.
      ELEM     587     410   405    0       0     0.
      ELEM     588     405   401    0       0     0.
      ELEM     589     401   398    0       0     0.
      ELEM     590     398   394    0       0     0.
      ELEM     591     394   390    0       0     0.
      ELEM     592     390   385    0       0     0.
      ELEM     593     385   381    0       0     0.
      ELEM     594     381   378    0       0     0.
      ELEM     595     378   374    0       0     0.
      ELEM     596     374   370    0       0     0.
      ELEM     597     370   366    0       0     0.
      ELEM     598     366   362    0       0     0.
      ELEM     599     362   357    0       0     0.
      ELEM     600     357   353    0       0     0.
      ELEM     601     353   349    0       0     0.
      ELEM     602     349   345    0       0     0.
      ELEM     603     345   342    0       0     0.
      ELEM     604     342   337    0       0     0.
      ELEM     605     337   334    0       0     0.
      ELEM     606     334   330    0       0     0.
      ELEM     607     330   326    0       0     0.
      ELEM     608     326   322    0       0     0.
      ELEM     609     322   318    0       0     0.
      ELEM     610     318   313    0       0     0.
      ELEM     611     313   310    0       0     0.
      ELEM     612     310   305    0       0     0.
      ELEM     613     305   301    0       0     0.
      ELEM     614     301   298    0       0     0.
      ELEM     615     298   293    0       0     0.
      ELEM     616     293   289    0       0     0.
      ELEM     617     289   285    0       0     0.
      ELEM     618     285   281    0       0     0.
      ELEM     619     281   277    0       0     0.
      ELEM     620     277   274    0       0     0.
      ELEM     621     274   270    0       0     0.
      ELEM     622     270   266    0       0     0.
      ELEM     623     266   262    0       0     0.
      ELEM     624     262   259    0       0     0.
      ELEM     625     259   255    0       0     0.
      ELEM     626     255   250    0       0     0.
      ELEM     627     250   246    0       0     0.
      ELEM     628     246   243    0       0     0.
      ELEM     629     243   239    0       0     0.
      ELEM     630     239   235    0       0     0.
      ELEM     631     235   226    0       0     0.
      ELEM     632     226   216    0       0     0.
      ELEM     633     216   210    0       0     0.
      ELEM     634     210   204    0       0     0.
      ELEM     635     204   199    0       0     0.
      ELEM     636     199   193    0       0     0.
      ELEM     637     193   187    0       0     0.
      ELEM     638     187   182    0       0     0.
      ELEM     639     182   175    0       0     0.
      ELEM     640     175   170    0       0     0.
      ELEM     641     170   164    0       0     0.
      ELEM     642     164   158    0       0     0.
      ELEM     643     158   153    0       0     0.
      ELEM     644     153   149    0       0     0.
      ELEM     645     149   143    0       0     0.
      ELEM     646     143   138    0       0     0.
      ELEM     647     138   132    0       0     0.
      ELEM     648     132   127    0       0     0.
      ELEM     649     127   122    0       0     0.
      ELEM     650     122   117    0       0     0.
      ELEM     651     117   111    0       0     0.
      ELEM     652     111   106    0       0     0.
      ELEM     653     106   101    0       0     0.
      ELEM     654     101    96    0       0     0.
      ELEM     655      96    91    0       0     0.
      ELEM     656      91    85    0       0     0.
      ELEM     657      85    80    0       0     0.
      ELEM     658      80    76    0       0     0.
      ELEM     659      76    70    0       0     0.
      ELEM     660      70    66    0       0     0.
      ELEM     661      66    62    0       0     0.
      ELEM     662      62    60    0       0     0.
      ELEM     663      60    57    0       0     0.
      ELEM     664      57    54    0       0     0.
      ELEM     665      54    53    0       0     0.
  FRONTIER
   F     1 FISO NO NO NO 
   F     2 FISO NO NO NO 
   F     3 NO FISO NO NO 
   F     4 NO NO FISO NO
   F     5 NO FISO NO NO 
   F     6 NO NO FISO NO
   F     9 NO NO FISO NO
   F    10 NO FISO NO NO 
   F    11 NO FISO NO NO 
   F    12 NO NO FISO NO
   F    13 NO FISO NO NO 
   F    14 NO NO FISO NO
   F    15 NO NO FISO NO
   F    16 NO FISO NO NO 
   F    17 NO NO FISO NO
   F    18 NO FISO NO NO 
   F    19 NO NO FISO NO
   F    20 NO FISO NO NO 
   F    21 NO NO FISO NO
   F    22 NO FISO NO NO 
   F    23 NO NO FISO NO
   F    24 NO FISO NO NO 
   F    25 NO NO FISO NO
   F    26 NO FISO NO NO 
   F    27 NO NO FISO NO
   F    28 NO FISO NO NO 
   F    29 NO NO FISO NO
   F    30 NO FISO NO NO 
   F    31 NO NO FISO NO
   F    32 NO FISO NO NO 
   F    33 NO NO FISO NO
   F    34 NO FISO NO NO 
   F    35 NO NO FISO NO
   F    36 NO FISO NO NO 
   F    37 NO NO FISO NO
   F    38 NO FISO NO NO 
   F    39 NO NO FISO NO
   F    40 NO FISO NO NO 
   F    41 NO NO FISO NO
   F    42 NO FISO NO NO 
   F    43 NO NO FISO NO
   F    44 NO FISO NO NO 
   F    45 NO NO FISO NO
   F    46 NO FISO NO NO 
   F    47 NO NO FISO NO
   F    48 NO FISO NO NO 
   F    49 NO NO FISO NO
   F    50 NO FISO NO NO 
   F    51 NO NO FISO NO
   F    52 NO FISO NO NO 
   F    53 NO NO FISO NO
   F    55 NO FISO NO NO 
   F    57 NO FISO NO NO 
   F    59 NO FISO NO NO 
   F    61 NO FISO NO NO 
   F    63 NO FISO NO NO 
   F    65 NO FISO NO NO 
   F    67 NO FISO NO NO 
   F    69 NO FISO NO NO 
   F    71 NO FISO NO NO 
   F    73 NO FISO NO NO 
   F    75 NO FISO NO NO 
   F    77 NO FISO NO NO 
   F    79 NO FISO NO NO 
   F    81 NO FISO NO NO 
   F    83 NO FISO NO NO 
   F    85 NO FISO NO NO 
   F    87 NO FISO NO NO 
   F    89 NO FISO NO NO 
   F    91 NO FISO NO NO 
   F    93 NO FISO NO NO 
   F    95 NO FISO NO NO 
   F    97 NO FISO NO NO 
   F    99 NO FISO NO NO 
   F   101 NO FISO NO NO 
   F   103 NO FISO NO NO 
   F   105 NO FISO NO NO 
   F   107 NO FISO NO NO 
   F   109 NO FISO NO NO 
   F   111 NO FISO NO NO 
   F   113 NO FISO NO NO 
   F   115 NO FISO NO NO 
   F   117 NO FISO NO NO 
   F   119 NO FISO NO NO 
   F   121 NO FISO NO NO 
   F   123 NO FISO NO NO 
   F   125 NO FISO NO NO 
   F   127 NO FISO NO NO 
   F   129 NO FISO NO NO 
   F   131 NO FISO NO NO 
   F   133 NO FISO NO NO 
   F   135 NO FISO NO NO 
   F   137 NO FISO NO NO 
   F   139 NO FISO NO NO 
   F   141 NO FISO NO NO 
   F   143 NO FISO NO NO 
   F   145 NO FISO NO NO 
   F   147 NO FISO NO NO 
   F   149 NO FISO NO NO 
   F   151 NO FISO NO NO 
   F   153 NO FISO NO NO 
   F   155 NO FISO NO NO 
   F   157 NO FISO NO NO 
   F   159 NO FISO NO NO 
   F   161 NO FISO NO NO 
   F   163 NO FISO NO NO 
   F   165 NO FISO NO NO 
   F   167 NO FISO NO NO 
   F   169 NO FISO NO NO 
   F   171 NO FISO NO NO 
   F   173 NO FISO NO NO 
   F   175 NO FISO NO NO 
   F   177 NO FISO NO NO 
   F   179 NO FISO NO NO 
   F   181 NO FISO NO NO 
   F   183 NO FISO NO NO 
   F   185 NO FISO NO NO 
   F   187 NO FISO NO NO 
   F   189 NO FISO NO NO 
   F   191 NO FISO NO NO 
   F   193 NO FISO NO NO 
   F   195 NO FISO NO NO 
   F   197 NO FISO NO NO 
   F   199 NO FISO NO NO 
   F   201 NO FISO NO NO 
   F   203 NO FISO NO NO 
   F   205 NO FISO NO NO 
   F   207 NO FISO NO NO 
   F   209 NO FISO NO NO 
   F   211 NO FISO NO NO 
   F   213 NO FISO NO NO 
   F   215 NO FISO NO NO 
   F   217 NO FISO NO NO 
   F   219 NO FISO NO NO 
   F   221 NO FISO NO NO 
   F   223 NO FISO NO NO 
   F   225 NO FISO NO NO 
   F   227 NO FISO NO NO 
   F   229 NO FISO NO NO 
   F   231 NO FISO NO NO 
   F   233 NO NO FISO NO
   F   234 NO FISO NO NO 
   F   235 NO NO FISO NO
   F   236 NO FISO NO NO 
   F   237 NO NO FISO NO
   F   238 NO FISO NO NO 
   F   239 NO NO FISO NO
   F   240 NO FISO NO NO 
   F   241 NO NO FISO NO
   F   242 NO FISO NO NO 
   F   243 NO NO FISO NO
   F   244 NO FISO NO NO 
   F   245 NO NO FISO NO
   F   246 NO FISO NO NO 
   F   247 NO NO FISO NO
   F   248 NO FISO NO NO 
   F   249 NO NO FISO NO
   F   250 NO FISO NO NO 
   F   251 NO NO FISO NO
   F   252 NO FISO NO NO 
   F   253 NO NO FISO NO
   F   254 NO FISO NO NO 
   F   255 NO NO FISO NO
   F   256 NO FISO NO NO 
   F   257 NO NO FISO NO
   F   258 NO FISO NO NO 
   F   259 NO NO FISO NO
   F   260 NO FISO NO NO 
   F   261 NO NO FISO NO
   F   262 NO FISO NO NO 
   F   263 NO NO FISO NO
   F   264 NO FISO NO NO 
   F   265 NO NO FISO NO
   F   266 NO FISO NO NO 
   F   267 NO NO FISO NO
   F   268 NO FISO NO NO 
   F   269 NO NO FISO NO
   F   270 NO FISO NO NO 
   F   271 NO NO FISO NO
   F   272 NO NO FISO NO
   F   273 NO FISO NO NO 
   F   274 NO NO FISO NO
   F   275 NO FISO NO NO 
   F   276 FISO NO NO NO 
   F   277 FISO NO NO NO 
   F   278 NO FISO NO NO 
   F   279 NO NO FISO NO
   F   280 NO FISO NO NO 
   F   281 NO NO FISO NO
   F   284 NO NO FISO NO
   F   285 NO FISO NO NO 
   F   286 NO FISO NO NO 
   F   287 NO NO FISO NO
   F   288 NO FISO NO NO 
   F   289 NO NO FISO NO
   F   290 NO NO FISO NO
   F   291 NO FISO NO NO 
   F   292 NO NO FISO NO
   F   293 NO FISO NO NO 
   F   294 NO NO FISO NO
   F   295 NO FISO NO NO 
   F   296 NO NO FISO NO
   F   297 NO FISO NO NO 
   F   298 NO NO FISO NO
   F   299 NO FISO NO NO 
   F   300 NO NO FISO NO
   F   301 NO FISO NO NO 
   F   302 NO NO FISO NO
   F   303 NO FISO NO NO 
   F   304 NO NO FISO NO
   F   305 NO FISO NO NO 
   F   306 NO NO FISO NO
   F   307 NO FISO NO NO 
   F   308 NO NO FISO NO
   F   309 NO FISO NO NO 
   F   310 NO NO FISO NO
   F   311 NO FISO NO NO 
   F   312 NO NO FISO NO
   F   313 NO FISO NO NO 
   F   314 NO NO FISO NO
   F   315 NO FISO NO NO 
   F   316 NO NO FISO NO
   F   317 NO FISO NO NO 
   F   318 NO NO FISO NO
   F   319 NO FISO NO NO 
   F   320 NO NO FISO NO
   F   321 NO FISO NO NO 
   F   322 NO NO FISO NO
   F   323 NO FISO NO NO 
   F   324 NO NO FISO NO
   F   325 NO FISO NO NO 
   F   326 NO NO FISO NO
   F   327 NO FISO NO NO 
   F   328 NO NO FISO NO
   F   330 NO FISO NO NO 
   F   332 NO FISO NO NO 
   F   334 NO FISO NO NO 
   F   336 NO FISO NO NO 
   F   338 NO FISO NO NO 
   F   340 NO FISO NO NO 
   F   342 NO FISO NO NO 
   F   344 NO FISO NO NO 
   F   346 NO FISO NO NO 
   F   348 NO FISO NO NO 
   F   350 NO FISO NO NO 
   F   352 NO FISO NO NO 
   F   354 NO FISO NO NO 
   F   356 NO FISO NO NO 
   F   358 NO FISO NO NO 
   F   360 NO FISO NO NO 
   F   362 NO FISO NO NO 
   F   364 NO FISO NO NO 
   F   366 NO FISO NO NO 
   F   368 NO FISO NO NO 
   F   370 NO FISO NO NO 
   F   372 NO FISO NO NO 
   F   374 NO FISO NO NO 
   F   376 NO FISO NO NO 
   F   378 NO FISO NO NO 
   F   380 NO FISO NO NO 
   F   382 NO FISO NO NO 
   F   384 NO FISO NO NO 
   F   386 NO FISO NO NO 
   F   388 NO FISO NO NO 
   F   390 NO FISO NO NO 
   F   392 NO FISO NO NO 
   F   394 NO FISO NO NO 
   F   396 NO FISO NO NO 
   F   398 NO FISO NO NO 
   F   400 NO FISO NO NO 
   F   402 NO FISO NO NO 
   F   404 NO FISO NO NO 
   F   406 NO FISO NO NO 
   F   408 NO FISO NO NO 
   F   410 NO FISO NO NO 
   F   412 NO FISO NO NO 
   F   414 NO FISO NO NO 
   F   416 NO FISO NO NO 
   F   418 NO FISO NO NO 
   F   420 NO FISO NO NO 
   F   422 NO FISO NO NO 
   F   424 NO FISO NO NO 
   F   426 NO FISO NO NO 
   F   428 NO FISO NO NO 
   F   430 NO FISO NO NO 
   F   432 NO FISO NO NO 
   F   434 NO FISO NO NO 
   F   436 NO FISO NO NO 
   F   438 NO FISO NO NO 
   F   440 NO FISO NO NO 
   F   442 NO FISO NO NO 
   F   444 NO FISO NO NO 
   F   446 NO FISO NO NO 
   F   448 NO FISO NO NO 
   F   450 NO FISO NO NO 
   F   452 NO FISO NO NO 
   F   454 NO FISO NO NO 
   F   456 NO FISO NO NO 
   F   458 NO FISO NO NO 
   F   460 NO FISO NO NO 
   F   462 NO FISO NO NO 
   F   464 NO FISO NO NO 
   F   466 NO FISO NO NO 
   F   468 NO FISO NO NO 
   F   470 NO FISO NO NO 
   F   472 NO FISO NO NO 
   F   474 NO FISO NO NO 
   F   476 NO FISO NO NO 
   F   478 NO FISO NO NO 
   F   480 NO FISO NO NO 
   F   482 NO FISO NO NO 
   F   484 NO FISO NO NO 
   F   486 NO FISO NO NO 
   F   488 NO FISO NO NO 
   F   490 NO FISO NO NO 
   F   492 NO FISO NO NO 
   F   494 NO FISO NO NO 
   F   496 NO FISO NO NO 
   F   498 NO FISO NO NO 
   F   500 NO FISO NO NO 
   F   502 NO FISO NO NO 
   F   504 NO FISO NO NO 
   F   506 NO FISO NO NO 
   F   508 NO NO FISO NO
   F   509 NO FISO NO NO 
   F   510 NO NO FISO NO
   F   511 NO FISO NO NO 
   F   512 NO NO FISO NO
   F   513 NO FISO NO NO 
   F   514 NO NO FISO NO
   F   515 NO FISO NO NO 
   F   516 NO NO FISO NO
   F   517 NO FISO NO NO 
   F   518 NO NO FISO NO
   F   519 NO FISO NO NO 
   F   520 NO NO FISO NO
   F   521 NO FISO NO NO 
   F   522 NO NO FISO NO
   F   523 NO FISO NO NO 
   F   524 NO NO FISO NO
   F   525 NO FISO NO NO 
   F   526 NO NO FISO NO
   F   527 NO FISO NO NO 
   F   528 NO NO FISO NO
   F   529 NO FISO NO NO 
   F   530 NO NO FISO NO
   F   531 NO FISO NO NO 
   F   532 NO NO FISO NO
   F   533 NO FISO NO NO 
   F   534 NO NO FISO NO
   F   535 NO FISO NO NO 
   F   536 NO NO FISO NO
   F   537 NO FISO NO NO 
   F   538 NO NO FISO NO
   F   539 NO FISO NO NO 
   F   540 NO NO FISO NO
   F   541 NO FISO NO NO 
   F   542 NO NO FISO NO
   F   543 NO FISO NO NO 
   F   544 NO NO FISO NO
   F   545 NO FISO NO NO 
   F   546 NO NO FISO NO
   F   547 NO NO FISO NO
   F   548 NO FISO NO NO 
   F   549 NO NO FISO NO
   F   550 NO FISO NO NO 
 END_FRONT
  SYMMETRY
   END_SYM
 PRECISION     1.E-3
 MATERIALS
STEELEC3EN
               25.00       4.00       0.70
      TIME
        10       1800
  END_TIME
IMPRESSION
 TIMEPRINT 
        10       1800
END_TIMEPR
