InputFile created with GiD-SAFIR_2016 Interface
Safir_Static_3D_Analysis
Mesh_from_GID-Mesher

     NNODE   519
      NDIM    3
   NDOFMAX    7
    NCORES    4
   DYNAMIC   PURE_NR
     NLOAD    2
   OBLIQUE    0 
  COMEBACK 0.001
   NORENUM
      NMAT    3
  ELEMENTS
      BEAM    273     6
        NG 2
    NFIBER    440
  END_ELEM
     NODES
      NODE     1 1.576500000e+02 1.447000000e+02 0.000000000e+00
      NODE     2 1.576500000e+02 1.447000000e+02 9.600000000e-01
      NODE     3 1.576500000e+02 1.447000000e+02 1.920000000e+00
      NODE     4 1.576500000e+02 1.447000000e+02 2.880000000e+00
      NODE     5 1.576500000e+02 1.447000000e+02 3.840000000e+00
      NODE     6 1.576500000e+02 1.447000000e+02 4.800000000e+00
      NODE     7 1.570900000e+02 1.447000000e+02 4.800000000e+00
      NODE     8 1.576500000e+02 1.436250000e+02 4.800000000e+00
      NODE     9 1.570900000e+02 1.436250000e+02 4.800000000e+00
      NODE    10 1.560300000e+02 1.447000000e+02 4.800000000e+00
      NODE    11 1.560300000e+02 1.436250000e+02 4.800000000e+00
      NODE    12 1.576500000e+02 1.425500000e+02 4.800000000e+00
      NODE    13 1.570900000e+02 1.425500000e+02 4.800000000e+00
      NODE    14 1.549900000e+02 1.447000000e+02 4.800000000e+00
      NODE    15 1.560300000e+02 1.425500000e+02 4.800000000e+00
      NODE    16 1.549900000e+02 1.436250000e+02 4.800000000e+00
      NODE    17 1.544800000e+02 1.447000000e+02 4.800000000e+00
      NODE    18 1.576500000e+02 1.414750000e+02 4.800000000e+00
      NODE    19 1.570900000e+02 1.414750000e+02 4.800000000e+00
      NODE    20 1.518000000e+02 1.447000000e+02 0.000000000e+00
      NODE    21 1.544800000e+02 1.436250000e+02 4.800000000e+00
      NODE    22 1.549900000e+02 1.425500000e+02 4.800000000e+00
      NODE    23 1.518000000e+02 1.447000000e+02 9.600000000e-01
      NODE    24 1.560300000e+02 1.414750000e+02 4.800000000e+00
      NODE    25 1.544800000e+02 1.425500000e+02 4.800000000e+00
      NODE    26 1.518000000e+02 1.447000000e+02 1.920000000e+00
      NODE    27 1.549900000e+02 1.414750000e+02 4.800000000e+00
      NODE    28 1.534400000e+02 1.447000000e+02 4.800000000e+00
      NODE    29 1.576500000e+02 1.404000000e+02 4.800000000e+00
      NODE    30 1.576500000e+02 1.382500000e+02 0.000000000e+00
      NODE    31 1.570900000e+02 1.404000000e+02 4.800000000e+00
      NODE    32 1.534400000e+02 1.436250000e+02 4.800000000e+00
      NODE    33 1.518000000e+02 1.447000000e+02 2.880000000e+00
      NODE    34 1.576500000e+02 1.382500000e+02 9.600000000e-01
      NODE    35 1.544800000e+02 1.414750000e+02 4.800000000e+00
      NODE    36 1.560300000e+02 1.404000000e+02 4.800000000e+00
      NODE    37 1.576500000e+02 1.382500000e+02 1.920000000e+00
      NODE    38 1.534400000e+02 1.425500000e+02 4.800000000e+00
      NODE    39 1.549900000e+02 1.404000000e+02 4.800000000e+00
      NODE    40 1.518000000e+02 1.447000000e+02 3.840000000e+00
      NODE    41 1.576500000e+02 1.382500000e+02 2.880000000e+00
      NODE    42 1.524400000e+02 1.447000000e+02 4.800000000e+00
      NODE    43 1.534400000e+02 1.414750000e+02 4.800000000e+00
      NODE    44 1.524400000e+02 1.436250000e+02 4.800000000e+00
      NODE    45 1.544800000e+02 1.404000000e+02 4.800000000e+00
      NODE    46 1.576500000e+02 1.393250000e+02 4.800000000e+00
      NODE    47 1.570900000e+02 1.393250000e+02 4.800000000e+00
      NODE    48 1.560300000e+02 1.393250000e+02 4.800000000e+00
      NODE    49 1.524400000e+02 1.425500000e+02 4.800000000e+00
      NODE    50 1.576500000e+02 1.382500000e+02 3.840000000e+00
      NODE    51 1.518000000e+02 1.447000000e+02 4.800000000e+00
      NODE    52 1.518000000e+02 1.436250000e+02 4.800000000e+00
      NODE    53 1.549900000e+02 1.393250000e+02 4.800000000e+00
      NODE    54 1.534400000e+02 1.404000000e+02 4.800000000e+00
      NODE    55 1.524400000e+02 1.414750000e+02 4.800000000e+00
      NODE    56 1.518000000e+02 1.425500000e+02 4.800000000e+00
      NODE    57 1.544800000e+02 1.393250000e+02 4.800000000e+00
      NODE    58 1.513800000e+02 1.447000000e+02 4.800000000e+00
      NODE    59 1.513800000e+02 1.436250000e+02 4.800000000e+00
      NODE    60 1.576500000e+02 1.382500000e+02 4.800000000e+00
      NODE    61 1.570900000e+02 1.382500000e+02 4.800000000e+00
      NODE    62 1.513800000e+02 1.425500000e+02 4.800000000e+00
      NODE    63 1.560300000e+02 1.382500000e+02 4.800000000e+00
      NODE    64 1.518000000e+02 1.414750000e+02 4.800000000e+00
      NODE    65 1.509000000e+02 1.447000000e+02 4.800000000e+00
      NODE    66 1.524400000e+02 1.404000000e+02 4.800000000e+00
      NODE    67 1.534400000e+02 1.393250000e+02 4.800000000e+00
      NODE    68 1.549900000e+02 1.382500000e+02 4.800000000e+00
      NODE    69 1.513800000e+02 1.414750000e+02 4.800000000e+00
      NODE    70 1.544800000e+02 1.382500000e+02 4.800000000e+00
      NODE    71 1.518000000e+02 1.404000000e+02 4.800000000e+00
      NODE    72 1.518000000e+02 1.382500000e+02 0.000000000e+00
      NODE    73 1.503400000e+02 1.447000000e+02 4.800000000e+00
      NODE    74 1.518000000e+02 1.382500000e+02 9.600000000e-01
      NODE    75 1.503400000e+02 1.436250000e+02 4.800000000e+00
      NODE    76 1.524400000e+02 1.393250000e+02 4.800000000e+00
      NODE    77 1.518000000e+02 1.382500000e+02 1.920000000e+00
      NODE    78 1.576500000e+02 1.371750000e+02 4.800000000e+00
      NODE    79 1.570900000e+02 1.371750000e+02 4.800000000e+00
      NODE    80 1.513800000e+02 1.404000000e+02 4.800000000e+00
      NODE    81 1.503400000e+02 1.425500000e+02 4.800000000e+00
      NODE    82 1.560300000e+02 1.371750000e+02 4.800000000e+00
      NODE    83 1.534400000e+02 1.382500000e+02 4.800000000e+00
      NODE    84 1.518000000e+02 1.382500000e+02 2.880000000e+00
      NODE    85 1.518000000e+02 1.393250000e+02 4.800000000e+00
      NODE    86 1.549900000e+02 1.371750000e+02 4.800000000e+00
      NODE    87 1.503400000e+02 1.414750000e+02 4.800000000e+00
      NODE    88 1.544800000e+02 1.371750000e+02 4.800000000e+00
      NODE    89 1.518000000e+02 1.382500000e+02 3.840000000e+00
      NODE    90 1.513800000e+02 1.393250000e+02 4.800000000e+00
      NODE    91 1.524400000e+02 1.382500000e+02 4.800000000e+00
      NODE    92 1.493400000e+02 1.447000000e+02 4.800000000e+00
      NODE    93 1.493400000e+02 1.436250000e+02 4.800000000e+00
      NODE    94 1.503400000e+02 1.404000000e+02 4.800000000e+00
      NODE    95 1.493400000e+02 1.425500000e+02 4.800000000e+00
      NODE    96 1.576500000e+02 1.361000000e+02 4.800000000e+00
      NODE    97 1.570900000e+02 1.361000000e+02 4.800000000e+00
      NODE    98 1.534400000e+02 1.371750000e+02 4.800000000e+00
      NODE    99 1.518000000e+02 1.382500000e+02 4.800000000e+00
      NODE   100 1.560300000e+02 1.361000000e+02 4.800000000e+00
      NODE   101 1.493400000e+02 1.414750000e+02 4.800000000e+00
      NODE   102 1.513800000e+02 1.382500000e+02 4.800000000e+00
      NODE   103 1.549900000e+02 1.361000000e+02 4.800000000e+00
      NODE   104 1.503400000e+02 1.393250000e+02 4.800000000e+00
      NODE   105 1.524400000e+02 1.371750000e+02 4.800000000e+00
      NODE   106 1.544800000e+02 1.361000000e+02 4.800000000e+00
      NODE   107 1.509000000e+02 1.382500000e+02 4.800000000e+00
      NODE   108 1.493400000e+02 1.404000000e+02 4.800000000e+00
      NODE   109 1.482800000e+02 1.447000000e+02 4.800000000e+00
      NODE   110 1.482800000e+02 1.436250000e+02 4.800000000e+00
      NODE   111 1.518000000e+02 1.371750000e+02 4.800000000e+00
      NODE   112 1.534400000e+02 1.361000000e+02 4.800000000e+00
      NODE   113 1.482800000e+02 1.425500000e+02 4.800000000e+00
      NODE   114 1.576500000e+02 1.350250000e+02 4.800000000e+00
      NODE   115 1.570900000e+02 1.350250000e+02 4.800000000e+00
      NODE   116 1.503400000e+02 1.382500000e+02 4.800000000e+00
      NODE   117 1.513800000e+02 1.371750000e+02 4.800000000e+00
      NODE   118 1.560300000e+02 1.350250000e+02 4.800000000e+00
      NODE   119 1.493400000e+02 1.393250000e+02 4.800000000e+00
      NODE   120 1.482800000e+02 1.414750000e+02 4.800000000e+00
      NODE   121 1.549900000e+02 1.350250000e+02 4.800000000e+00
      NODE   122 1.524400000e+02 1.361000000e+02 4.800000000e+00
      NODE   123 1.544800000e+02 1.350250000e+02 4.800000000e+00
      NODE   124 1.482800000e+02 1.404000000e+02 4.800000000e+00
      NODE   125 1.518000000e+02 1.361000000e+02 4.800000000e+00
      NODE   126 1.472400000e+02 1.447000000e+02 4.800000000e+00
      NODE   127 1.472400000e+02 1.436250000e+02 4.800000000e+00
      NODE   128 1.503400000e+02 1.371750000e+02 4.800000000e+00
      NODE   129 1.493400000e+02 1.382500000e+02 4.800000000e+00
      NODE   130 1.534400000e+02 1.350250000e+02 4.800000000e+00
      NODE   131 1.472400000e+02 1.425500000e+02 4.800000000e+00
      NODE   132 1.513800000e+02 1.361000000e+02 4.800000000e+00
      NODE   133 1.459500000e+02 1.447000000e+02 0.000000000e+00
      NODE   134 1.459500000e+02 1.447000000e+02 9.600000000e-01
      NODE   135 1.576500000e+02 1.339500000e+02 4.800000000e+00
      NODE   136 1.570900000e+02 1.339500000e+02 4.800000000e+00
      NODE   137 1.468500000e+02 1.447000000e+02 4.800000000e+00
      NODE   138 1.482800000e+02 1.393250000e+02 4.800000000e+00
      NODE   139 1.459500000e+02 1.447000000e+02 1.920000000e+00
      NODE   140 1.560300000e+02 1.339500000e+02 4.800000000e+00
      NODE   141 1.472400000e+02 1.414750000e+02 4.800000000e+00
      NODE   142 1.524400000e+02 1.350250000e+02 4.800000000e+00
      NODE   143 1.459500000e+02 1.447000000e+02 2.880000000e+00
      NODE   144 1.549900000e+02 1.339500000e+02 4.800000000e+00
      NODE   145 1.544800000e+02 1.339500000e+02 4.800000000e+00
      NODE   146 1.493400000e+02 1.371750000e+02 4.800000000e+00
      NODE   147 1.472400000e+02 1.404000000e+02 4.800000000e+00
      NODE   148 1.503400000e+02 1.361000000e+02 4.800000000e+00
      NODE   149 1.518000000e+02 1.350250000e+02 4.800000000e+00
      NODE   150 1.459500000e+02 1.447000000e+02 3.840000000e+00
      NODE   151 1.482800000e+02 1.382500000e+02 4.800000000e+00
      NODE   152 1.462400000e+02 1.447000000e+02 4.800000000e+00
      NODE   153 1.462400000e+02 1.436250000e+02 4.800000000e+00
      NODE   154 1.513800000e+02 1.350250000e+02 4.800000000e+00
      NODE   155 1.534400000e+02 1.339500000e+02 4.800000000e+00
      NODE   156 1.462400000e+02 1.425500000e+02 4.800000000e+00
      NODE   157 1.459500000e+02 1.447000000e+02 4.800000000e+00
      NODE   158 1.472400000e+02 1.393250000e+02 4.800000000e+00
      NODE   159 1.459500000e+02 1.436250000e+02 4.800000000e+00
      NODE   160 1.576500000e+02 1.328750000e+02 4.800000000e+00
      NODE   161 1.570900000e+02 1.328750000e+02 4.800000000e+00
      NODE   162 1.462400000e+02 1.414750000e+02 4.800000000e+00
      NODE   163 1.459500000e+02 1.425500000e+02 4.800000000e+00
      NODE   164 1.560300000e+02 1.328750000e+02 4.800000000e+00
      NODE   165 1.524400000e+02 1.339500000e+02 4.800000000e+00
      NODE   166 1.493400000e+02 1.361000000e+02 4.800000000e+00
      NODE   167 1.576500000e+02 1.318000000e+02 0.000000000e+00
      NODE   168 1.576500000e+02 1.318000000e+02 9.600000000e-01
      NODE   169 1.482800000e+02 1.371750000e+02 4.800000000e+00
      NODE   170 1.549900000e+02 1.328750000e+02 4.800000000e+00
      NODE   171 1.503400000e+02 1.350250000e+02 4.800000000e+00
      NODE   172 1.576500000e+02 1.318000000e+02 1.920000000e+00
      NODE   173 1.459500000e+02 1.414750000e+02 4.800000000e+00
      NODE   174 1.462400000e+02 1.404000000e+02 4.800000000e+00
      NODE   175 1.518000000e+02 1.339500000e+02 4.800000000e+00
      NODE   176 1.544800000e+02 1.328750000e+02 4.800000000e+00
      NODE   177 1.472400000e+02 1.382500000e+02 4.800000000e+00
      NODE   178 1.576500000e+02 1.318000000e+02 2.880000000e+00
      NODE   179 1.513800000e+02 1.339500000e+02 4.800000000e+00
      NODE   180 1.459500000e+02 1.404000000e+02 4.800000000e+00
      NODE   181 1.459500000e+02 1.382500000e+02 0.000000000e+00
      NODE   182 1.459500000e+02 1.382500000e+02 9.600000000e-01
      NODE   183 1.534400000e+02 1.328750000e+02 4.800000000e+00
      NODE   184 1.576500000e+02 1.318000000e+02 3.840000000e+00
      NODE   185 1.468500000e+02 1.382500000e+02 4.800000000e+00
      NODE   186 1.462400000e+02 1.393250000e+02 4.800000000e+00
      NODE   187 1.459500000e+02 1.382500000e+02 1.920000000e+00
      NODE   188 1.482800000e+02 1.361000000e+02 4.800000000e+00
      NODE   189 1.493400000e+02 1.350250000e+02 4.800000000e+00
      NODE   190 1.459500000e+02 1.382500000e+02 2.880000000e+00
      NODE   191 1.472400000e+02 1.371750000e+02 4.800000000e+00
      NODE   192 1.459500000e+02 1.393250000e+02 4.800000000e+00
      NODE   193 1.576500000e+02 1.318000000e+02 4.800000000e+00
      NODE   194 1.570900000e+02 1.318000000e+02 4.800000000e+00
      NODE   195 1.524400000e+02 1.328750000e+02 4.800000000e+00
      NODE   196 1.503400000e+02 1.339500000e+02 4.800000000e+00
      NODE   197 1.560300000e+02 1.318000000e+02 4.800000000e+00
      NODE   198 1.459500000e+02 1.382500000e+02 3.840000000e+00
      NODE   199 1.462400000e+02 1.382500000e+02 4.800000000e+00
      NODE   200 1.549900000e+02 1.318000000e+02 4.800000000e+00
      NODE   201 1.518000000e+02 1.328750000e+02 4.800000000e+00
      NODE   202 1.544800000e+02 1.318000000e+02 4.800000000e+00
      NODE   203 1.518000000e+02 1.318000000e+02 0.000000000e+00
      NODE   204 1.459500000e+02 1.382500000e+02 4.800000000e+00
      NODE   205 1.518000000e+02 1.318000000e+02 9.600000000e-01
      NODE   206 1.513800000e+02 1.328750000e+02 4.800000000e+00
      NODE   207 1.518000000e+02 1.318000000e+02 1.920000000e+00
      NODE   208 1.482800000e+02 1.350250000e+02 4.800000000e+00
      NODE   209 1.472400000e+02 1.361000000e+02 4.800000000e+00
      NODE   210 1.534400000e+02 1.318000000e+02 4.800000000e+00
      NODE   211 1.493400000e+02 1.339500000e+02 4.800000000e+00
      NODE   212 1.518000000e+02 1.318000000e+02 2.880000000e+00
      NODE   213 1.462400000e+02 1.371750000e+02 4.800000000e+00
      NODE   214 1.518000000e+02 1.318000000e+02 3.840000000e+00
      NODE   215 1.503400000e+02 1.328750000e+02 4.800000000e+00
      NODE   216 1.459500000e+02 1.371750000e+02 4.800000000e+00
      NODE   217 1.524400000e+02 1.318000000e+02 4.800000000e+00
      NODE   218 1.518000000e+02 1.318000000e+02 4.800000000e+00
      NODE   219 1.472400000e+02 1.350250000e+02 4.800000000e+00
      NODE   220 1.482800000e+02 1.339500000e+02 4.800000000e+00
      NODE   221 1.462400000e+02 1.361000000e+02 4.800000000e+00
      NODE   222 1.513800000e+02 1.318000000e+02 4.800000000e+00
      NODE   223 1.493400000e+02 1.328750000e+02 4.800000000e+00
      NODE   224 1.459500000e+02 1.361000000e+02 4.800000000e+00
      NODE   225 1.509000000e+02 1.318000000e+02 4.800000000e+00
      NODE   226 1.503400000e+02 1.318000000e+02 4.800000000e+00
      NODE   227 1.462400000e+02 1.350250000e+02 4.800000000e+00
      NODE   228 1.472400000e+02 1.339500000e+02 4.800000000e+00
      NODE   229 1.482800000e+02 1.328750000e+02 4.800000000e+00
      NODE   230 1.459500000e+02 1.350250000e+02 4.800000000e+00
      NODE   231 1.493400000e+02 1.318000000e+02 4.800000000e+00
      NODE   232 1.462400000e+02 1.339500000e+02 4.800000000e+00
      NODE   233 1.472400000e+02 1.328750000e+02 4.800000000e+00
      NODE   234 1.459500000e+02 1.339500000e+02 4.800000000e+00
      NODE   235 1.482800000e+02 1.318000000e+02 4.800000000e+00
      NODE   236 1.462400000e+02 1.328750000e+02 4.800000000e+00
      NODE   237 1.472400000e+02 1.318000000e+02 4.800000000e+00
      NODE   238 1.459500000e+02 1.328750000e+02 4.800000000e+00
      NODE   239 1.459500000e+02 1.318000000e+02 0.000000000e+00
      NODE   240 1.459500000e+02 1.318000000e+02 9.600000000e-01
      NODE   241 1.468500000e+02 1.318000000e+02 4.800000000e+00
      NODE   242 1.459500000e+02 1.318000000e+02 1.920000000e+00
      NODE   243 1.459500000e+02 1.318000000e+02 2.880000000e+00
      NODE   244 1.459500000e+02 1.318000000e+02 3.840000000e+00
      NODE   245 1.462400000e+02 1.318000000e+02 4.800000000e+00
      NODE   246 1.459500000e+02 1.318000000e+02 4.800000000e+00
      NODE   247 1.459500000e+02 1.318000000e+02 4.800000000e-01
      NODE   248 1.459500000e+02 1.318000000e+02 1.440000000e+00
      NODE   249 1.459500000e+02 1.318000000e+02 2.400000000e+00
      NODE   250 1.459500000e+02 1.318000000e+02 3.360000000e+00
      NODE   251 1.459500000e+02 1.318000000e+02 4.320000000e+00
      NODE   252 1.459500000e+02 1.382500000e+02 4.800000000e-01
      NODE   253 1.459500000e+02 1.382500000e+02 1.440000000e+00
      NODE   254 1.459500000e+02 1.382500000e+02 2.400000000e+00
      NODE   255 1.459500000e+02 1.382500000e+02 3.360000000e+00
      NODE   256 1.459500000e+02 1.382500000e+02 4.320000000e+00
      NODE   257 1.459500000e+02 1.447000000e+02 4.800000000e-01
      NODE   258 1.459500000e+02 1.447000000e+02 1.440000000e+00
      NODE   259 1.459500000e+02 1.447000000e+02 2.400000000e+00
      NODE   260 1.459500000e+02 1.447000000e+02 3.360000000e+00
      NODE   261 1.459500000e+02 1.447000000e+02 4.320000000e+00
      NODE   262 1.518000000e+02 1.318000000e+02 4.800000000e-01
      NODE   263 1.518000000e+02 1.318000000e+02 1.440000000e+00
      NODE   264 1.518000000e+02 1.318000000e+02 2.400000000e+00
      NODE   265 1.518000000e+02 1.318000000e+02 3.360000000e+00
      NODE   266 1.518000000e+02 1.318000000e+02 4.320000000e+00
      NODE   267 1.518000000e+02 1.382500000e+02 4.800000000e-01
      NODE   268 1.518000000e+02 1.382500000e+02 1.440000000e+00
      NODE   269 1.518000000e+02 1.382500000e+02 2.400000000e+00
      NODE   270 1.518000000e+02 1.382500000e+02 3.360000000e+00
      NODE   271 1.518000000e+02 1.382500000e+02 4.320000000e+00
      NODE   272 1.518000000e+02 1.447000000e+02 4.800000000e-01
      NODE   273 1.518000000e+02 1.447000000e+02 1.440000000e+00
      NODE   274 1.518000000e+02 1.447000000e+02 2.400000000e+00
      NODE   275 1.518000000e+02 1.447000000e+02 3.360000000e+00
      NODE   276 1.518000000e+02 1.447000000e+02 4.320000000e+00
      NODE   277 1.576500000e+02 1.318000000e+02 4.800000000e-01
      NODE   278 1.576500000e+02 1.318000000e+02 1.440000000e+00
      NODE   279 1.576500000e+02 1.318000000e+02 2.400000000e+00
      NODE   280 1.576500000e+02 1.318000000e+02 3.360000000e+00
      NODE   281 1.576500000e+02 1.318000000e+02 4.320000000e+00
      NODE   282 1.576500000e+02 1.382500000e+02 4.800000000e-01
      NODE   283 1.576500000e+02 1.382500000e+02 1.440000000e+00
      NODE   284 1.576500000e+02 1.382500000e+02 2.400000000e+00
      NODE   285 1.576500000e+02 1.382500000e+02 3.360000000e+00
      NODE   286 1.576500000e+02 1.382500000e+02 4.320000000e+00
      NODE   287 1.576500000e+02 1.447000000e+02 4.800000000e-01
      NODE   288 1.576500000e+02 1.447000000e+02 1.440000000e+00
      NODE   289 1.576500000e+02 1.447000000e+02 2.400000000e+00
      NODE   290 1.576500000e+02 1.447000000e+02 3.360000000e+00
      NODE   291 1.576500000e+02 1.447000000e+02 4.320000000e+00
      NODE   292 1.462400000e+02 1.441625000e+02 4.800000000e+00
      NODE   293 1.462400000e+02 1.430875000e+02 4.800000000e+00
      NODE   294 1.462400000e+02 1.420125000e+02 4.800000000e+00
      NODE   295 1.462400000e+02 1.409375000e+02 4.800000000e+00
      NODE   296 1.462400000e+02 1.398625000e+02 4.800000000e+00
      NODE   297 1.462400000e+02 1.387875000e+02 4.800000000e+00
      NODE   298 1.472400000e+02 1.441625000e+02 4.800000000e+00
      NODE   299 1.472400000e+02 1.430875000e+02 4.800000000e+00
      NODE   300 1.472400000e+02 1.420125000e+02 4.800000000e+00
      NODE   301 1.472400000e+02 1.409375000e+02 4.800000000e+00
      NODE   302 1.472400000e+02 1.398625000e+02 4.800000000e+00
      NODE   303 1.472400000e+02 1.387875000e+02 4.800000000e+00
      NODE   304 1.482800000e+02 1.441625000e+02 4.800000000e+00
      NODE   305 1.482800000e+02 1.430875000e+02 4.800000000e+00
      NODE   306 1.482800000e+02 1.420125000e+02 4.800000000e+00
      NODE   307 1.482800000e+02 1.409375000e+02 4.800000000e+00
      NODE   308 1.482800000e+02 1.398625000e+02 4.800000000e+00
      NODE   309 1.482800000e+02 1.387875000e+02 4.800000000e+00
      NODE   310 1.493400000e+02 1.441625000e+02 4.800000000e+00
      NODE   311 1.493400000e+02 1.430875000e+02 4.800000000e+00
      NODE   312 1.493400000e+02 1.420125000e+02 4.800000000e+00
      NODE   313 1.493400000e+02 1.409375000e+02 4.800000000e+00
      NODE   314 1.493400000e+02 1.398625000e+02 4.800000000e+00
      NODE   315 1.493400000e+02 1.387875000e+02 4.800000000e+00
      NODE   316 1.503400000e+02 1.441625000e+02 4.800000000e+00
      NODE   317 1.503400000e+02 1.430875000e+02 4.800000000e+00
      NODE   318 1.503400000e+02 1.420125000e+02 4.800000000e+00
      NODE   319 1.503400000e+02 1.409375000e+02 4.800000000e+00
      NODE   320 1.503400000e+02 1.398625000e+02 4.800000000e+00
      NODE   321 1.503400000e+02 1.387875000e+02 4.800000000e+00
      NODE   322 1.513800000e+02 1.441625000e+02 4.800000000e+00
      NODE   323 1.513800000e+02 1.430875000e+02 4.800000000e+00
      NODE   324 1.513800000e+02 1.420125000e+02 4.800000000e+00
      NODE   325 1.513800000e+02 1.409375000e+02 4.800000000e+00
      NODE   326 1.513800000e+02 1.398625000e+02 4.800000000e+00
      NODE   327 1.513800000e+02 1.387875000e+02 4.800000000e+00
      NODE   328 1.524400000e+02 1.441625000e+02 4.800000000e+00
      NODE   329 1.524400000e+02 1.430875000e+02 4.800000000e+00
      NODE   330 1.524400000e+02 1.420125000e+02 4.800000000e+00
      NODE   331 1.524400000e+02 1.409375000e+02 4.800000000e+00
      NODE   332 1.524400000e+02 1.398625000e+02 4.800000000e+00
      NODE   333 1.524400000e+02 1.387875000e+02 4.800000000e+00
      NODE   334 1.534400000e+02 1.441625000e+02 4.800000000e+00
      NODE   335 1.534400000e+02 1.430875000e+02 4.800000000e+00
      NODE   336 1.534400000e+02 1.420125000e+02 4.800000000e+00
      NODE   337 1.534400000e+02 1.409375000e+02 4.800000000e+00
      NODE   338 1.534400000e+02 1.398625000e+02 4.800000000e+00
      NODE   339 1.534400000e+02 1.387875000e+02 4.800000000e+00
      NODE   340 1.544800000e+02 1.441625000e+02 4.800000000e+00
      NODE   341 1.544800000e+02 1.430875000e+02 4.800000000e+00
      NODE   342 1.544800000e+02 1.420125000e+02 4.800000000e+00
      NODE   343 1.544800000e+02 1.409375000e+02 4.800000000e+00
      NODE   344 1.544800000e+02 1.398625000e+02 4.800000000e+00
      NODE   345 1.544800000e+02 1.387875000e+02 4.800000000e+00
      NODE   346 1.549900000e+02 1.441625000e+02 4.800000000e+00
      NODE   347 1.549900000e+02 1.430875000e+02 4.800000000e+00
      NODE   348 1.549900000e+02 1.420125000e+02 4.800000000e+00
      NODE   349 1.549900000e+02 1.409375000e+02 4.800000000e+00
      NODE   350 1.549900000e+02 1.398625000e+02 4.800000000e+00
      NODE   351 1.549900000e+02 1.387875000e+02 4.800000000e+00
      NODE   352 1.560300000e+02 1.441625000e+02 4.800000000e+00
      NODE   353 1.560300000e+02 1.430875000e+02 4.800000000e+00
      NODE   354 1.560300000e+02 1.420125000e+02 4.800000000e+00
      NODE   355 1.560300000e+02 1.409375000e+02 4.800000000e+00
      NODE   356 1.560300000e+02 1.398625000e+02 4.800000000e+00
      NODE   357 1.560300000e+02 1.387875000e+02 4.800000000e+00
      NODE   358 1.570900000e+02 1.441625000e+02 4.800000000e+00
      NODE   359 1.570900000e+02 1.430875000e+02 4.800000000e+00
      NODE   360 1.570900000e+02 1.420125000e+02 4.800000000e+00
      NODE   361 1.570900000e+02 1.409375000e+02 4.800000000e+00
      NODE   362 1.570900000e+02 1.398625000e+02 4.800000000e+00
      NODE   363 1.570900000e+02 1.387875000e+02 4.800000000e+00
      NODE   364 1.462400000e+02 1.377125000e+02 4.800000000e+00
      NODE   365 1.462400000e+02 1.366375000e+02 4.800000000e+00
      NODE   366 1.462400000e+02 1.355625000e+02 4.800000000e+00
      NODE   367 1.462400000e+02 1.344875000e+02 4.800000000e+00
      NODE   368 1.462400000e+02 1.334125000e+02 4.800000000e+00
      NODE   369 1.462400000e+02 1.323375000e+02 4.800000000e+00
      NODE   370 1.472400000e+02 1.377125000e+02 4.800000000e+00
      NODE   371 1.472400000e+02 1.366375000e+02 4.800000000e+00
      NODE   372 1.472400000e+02 1.355625000e+02 4.800000000e+00
      NODE   373 1.472400000e+02 1.344875000e+02 4.800000000e+00
      NODE   374 1.472400000e+02 1.334125000e+02 4.800000000e+00
      NODE   375 1.472400000e+02 1.323375000e+02 4.800000000e+00
      NODE   376 1.482800000e+02 1.377125000e+02 4.800000000e+00
      NODE   377 1.482800000e+02 1.366375000e+02 4.800000000e+00
      NODE   378 1.482800000e+02 1.355625000e+02 4.800000000e+00
      NODE   379 1.482800000e+02 1.344875000e+02 4.800000000e+00
      NODE   380 1.482800000e+02 1.334125000e+02 4.800000000e+00
      NODE   381 1.482800000e+02 1.323375000e+02 4.800000000e+00
      NODE   382 1.493400000e+02 1.377125000e+02 4.800000000e+00
      NODE   383 1.493400000e+02 1.366375000e+02 4.800000000e+00
      NODE   384 1.493400000e+02 1.355625000e+02 4.800000000e+00
      NODE   385 1.493400000e+02 1.344875000e+02 4.800000000e+00
      NODE   386 1.493400000e+02 1.334125000e+02 4.800000000e+00
      NODE   387 1.493400000e+02 1.323375000e+02 4.800000000e+00
      NODE   388 1.503400000e+02 1.377125000e+02 4.800000000e+00
      NODE   389 1.503400000e+02 1.366375000e+02 4.800000000e+00
      NODE   390 1.503400000e+02 1.355625000e+02 4.800000000e+00
      NODE   391 1.503400000e+02 1.344875000e+02 4.800000000e+00
      NODE   392 1.503400000e+02 1.334125000e+02 4.800000000e+00
      NODE   393 1.503400000e+02 1.323375000e+02 4.800000000e+00
      NODE   394 1.513800000e+02 1.377125000e+02 4.800000000e+00
      NODE   395 1.513800000e+02 1.366375000e+02 4.800000000e+00
      NODE   396 1.513800000e+02 1.355625000e+02 4.800000000e+00
      NODE   397 1.513800000e+02 1.344875000e+02 4.800000000e+00
      NODE   398 1.513800000e+02 1.334125000e+02 4.800000000e+00
      NODE   399 1.513800000e+02 1.323375000e+02 4.800000000e+00
      NODE   400 1.524400000e+02 1.377125000e+02 4.800000000e+00
      NODE   401 1.524400000e+02 1.366375000e+02 4.800000000e+00
      NODE   402 1.524400000e+02 1.355625000e+02 4.800000000e+00
      NODE   403 1.524400000e+02 1.344875000e+02 4.800000000e+00
      NODE   404 1.524400000e+02 1.334125000e+02 4.800000000e+00
      NODE   405 1.524400000e+02 1.323375000e+02 4.800000000e+00
      NODE   406 1.534400000e+02 1.377125000e+02 4.800000000e+00
      NODE   407 1.534400000e+02 1.366375000e+02 4.800000000e+00
      NODE   408 1.534400000e+02 1.355625000e+02 4.800000000e+00
      NODE   409 1.534400000e+02 1.344875000e+02 4.800000000e+00
      NODE   410 1.534400000e+02 1.334125000e+02 4.800000000e+00
      NODE   411 1.534400000e+02 1.323375000e+02 4.800000000e+00
      NODE   412 1.544800000e+02 1.377125000e+02 4.800000000e+00
      NODE   413 1.544800000e+02 1.366375000e+02 4.800000000e+00
      NODE   414 1.544800000e+02 1.355625000e+02 4.800000000e+00
      NODE   415 1.544800000e+02 1.344875000e+02 4.800000000e+00
      NODE   416 1.544800000e+02 1.334125000e+02 4.800000000e+00
      NODE   417 1.544800000e+02 1.323375000e+02 4.800000000e+00
      NODE   418 1.549900000e+02 1.377125000e+02 4.800000000e+00
      NODE   419 1.549900000e+02 1.366375000e+02 4.800000000e+00
      NODE   420 1.549900000e+02 1.355625000e+02 4.800000000e+00
      NODE   421 1.549900000e+02 1.344875000e+02 4.800000000e+00
      NODE   422 1.549900000e+02 1.334125000e+02 4.800000000e+00
      NODE   423 1.549900000e+02 1.323375000e+02 4.800000000e+00
      NODE   424 1.560300000e+02 1.377125000e+02 4.800000000e+00
      NODE   425 1.560300000e+02 1.366375000e+02 4.800000000e+00
      NODE   426 1.560300000e+02 1.355625000e+02 4.800000000e+00
      NODE   427 1.560300000e+02 1.344875000e+02 4.800000000e+00
      NODE   428 1.560300000e+02 1.334125000e+02 4.800000000e+00
      NODE   429 1.560300000e+02 1.323375000e+02 4.800000000e+00
      NODE   430 1.570900000e+02 1.377125000e+02 4.800000000e+00
      NODE   431 1.570900000e+02 1.366375000e+02 4.800000000e+00
      NODE   432 1.570900000e+02 1.355625000e+02 4.800000000e+00
      NODE   433 1.570900000e+02 1.344875000e+02 4.800000000e+00
      NODE   434 1.570900000e+02 1.334125000e+02 4.800000000e+00
      NODE   435 1.570900000e+02 1.323375000e+02 4.800000000e+00
      NODE   436 1.459500000e+02 1.441625000e+02 4.800000000e+00
      NODE   437 1.459500000e+02 1.430875000e+02 4.800000000e+00
      NODE   438 1.459500000e+02 1.420125000e+02 4.800000000e+00
      NODE   439 1.459500000e+02 1.409375000e+02 4.800000000e+00
      NODE   440 1.459500000e+02 1.398625000e+02 4.800000000e+00
      NODE   441 1.459500000e+02 1.387875000e+02 4.800000000e+00
      NODE   442 1.518000000e+02 1.441625000e+02 4.800000000e+00
      NODE   443 1.518000000e+02 1.430875000e+02 4.800000000e+00
      NODE   444 1.518000000e+02 1.420125000e+02 4.800000000e+00
      NODE   445 1.518000000e+02 1.409375000e+02 4.800000000e+00
      NODE   446 1.518000000e+02 1.398625000e+02 4.800000000e+00
      NODE   447 1.518000000e+02 1.387875000e+02 4.800000000e+00
      NODE   448 1.576500000e+02 1.441625000e+02 4.800000000e+00
      NODE   449 1.576500000e+02 1.430875000e+02 4.800000000e+00
      NODE   450 1.576500000e+02 1.420125000e+02 4.800000000e+00
      NODE   451 1.576500000e+02 1.409375000e+02 4.800000000e+00
      NODE   452 1.576500000e+02 1.398625000e+02 4.800000000e+00
      NODE   453 1.576500000e+02 1.387875000e+02 4.800000000e+00
      NODE   454 1.459500000e+02 1.323375000e+02 4.800000000e+00
      NODE   455 1.459500000e+02 1.334125000e+02 4.800000000e+00
      NODE   456 1.459500000e+02 1.344875000e+02 4.800000000e+00
      NODE   457 1.459500000e+02 1.355625000e+02 4.800000000e+00
      NODE   458 1.459500000e+02 1.366375000e+02 4.800000000e+00
      NODE   459 1.459500000e+02 1.377125000e+02 4.800000000e+00
      NODE   460 1.576500000e+02 1.323375000e+02 4.800000000e+00
      NODE   461 1.576500000e+02 1.334125000e+02 4.800000000e+00
      NODE   462 1.576500000e+02 1.344875000e+02 4.800000000e+00
      NODE   463 1.576500000e+02 1.355625000e+02 4.800000000e+00
      NODE   464 1.576500000e+02 1.366375000e+02 4.800000000e+00
      NODE   465 1.576500000e+02 1.377125000e+02 4.800000000e+00
      NODE   466 1.518000000e+02 1.323375000e+02 4.800000000e+00
      NODE   467 1.518000000e+02 1.334125000e+02 4.800000000e+00
      NODE   468 1.518000000e+02 1.344875000e+02 4.800000000e+00
      NODE   469 1.518000000e+02 1.355625000e+02 4.800000000e+00
      NODE   470 1.518000000e+02 1.366375000e+02 4.800000000e+00
      NODE   471 1.518000000e+02 1.377125000e+02 4.800000000e+00
      NODE   472 1.460950000e+02 1.447000000e+02 4.800000000e+00
      NODE   473 1.465450000e+02 1.447000000e+02 4.800000000e+00
      NODE   474 1.460950000e+02 1.382500000e+02 4.800000000e+00
      NODE   475 1.465450000e+02 1.382500000e+02 4.800000000e+00
      NODE   476 1.460950000e+02 1.318000000e+02 4.800000000e+00
      NODE   477 1.465450000e+02 1.318000000e+02 4.800000000e+00
      NODE   478 1.470450000e+02 1.447000000e+02 4.800000000e+00
      NODE   479 1.470450000e+02 1.382500000e+02 4.800000000e+00
      NODE   480 1.470450000e+02 1.318000000e+02 4.800000000e+00
      NODE   481 1.477600000e+02 1.447000000e+02 4.800000000e+00
      NODE   482 1.477600000e+02 1.382500000e+02 4.800000000e+00
      NODE   483 1.477600000e+02 1.318000000e+02 4.800000000e+00
      NODE   484 1.488100000e+02 1.447000000e+02 4.800000000e+00
      NODE   485 1.488100000e+02 1.382500000e+02 4.800000000e+00
      NODE   486 1.488100000e+02 1.318000000e+02 4.800000000e+00
      NODE   487 1.498400000e+02 1.447000000e+02 4.800000000e+00
      NODE   488 1.506200000e+02 1.447000000e+02 4.800000000e+00
      NODE   489 1.498400000e+02 1.382500000e+02 4.800000000e+00
      NODE   490 1.506200000e+02 1.382500000e+02 4.800000000e+00
      NODE   491 1.498400000e+02 1.318000000e+02 4.800000000e+00
      NODE   492 1.506200000e+02 1.318000000e+02 4.800000000e+00
      NODE   493 1.511400000e+02 1.447000000e+02 4.800000000e+00
      NODE   494 1.515900000e+02 1.447000000e+02 4.800000000e+00
      NODE   495 1.511400000e+02 1.382500000e+02 4.800000000e+00
      NODE   496 1.515900000e+02 1.382500000e+02 4.800000000e+00
      NODE   497 1.511400000e+02 1.318000000e+02 4.800000000e+00
      NODE   498 1.515900000e+02 1.318000000e+02 4.800000000e+00
      NODE   499 1.521200000e+02 1.447000000e+02 4.800000000e+00
      NODE   500 1.521200000e+02 1.382500000e+02 4.800000000e+00
      NODE   501 1.521200000e+02 1.318000000e+02 4.800000000e+00
      NODE   502 1.529400000e+02 1.447000000e+02 4.800000000e+00
      NODE   503 1.529400000e+02 1.382500000e+02 4.800000000e+00
      NODE   504 1.529400000e+02 1.318000000e+02 4.800000000e+00
      NODE   505 1.539600000e+02 1.447000000e+02 4.800000000e+00
      NODE   506 1.547350000e+02 1.447000000e+02 4.800000000e+00
      NODE   507 1.539600000e+02 1.382500000e+02 4.800000000e+00
      NODE   508 1.547350000e+02 1.382500000e+02 4.800000000e+00
      NODE   509 1.539600000e+02 1.318000000e+02 4.800000000e+00
      NODE   510 1.547350000e+02 1.318000000e+02 4.800000000e+00
      NODE   511 1.573700000e+02 1.447000000e+02 4.800000000e+00
      NODE   512 1.573700000e+02 1.382500000e+02 4.800000000e+00
      NODE   513 1.573700000e+02 1.318000000e+02 4.800000000e+00
      NODE   514 1.555100000e+02 1.447000000e+02 4.800000000e+00
      NODE   515 1.565600000e+02 1.447000000e+02 4.800000000e+00
      NODE   516 1.555100000e+02 1.382500000e+02 4.800000000e+00
      NODE   517 1.565600000e+02 1.382500000e+02 4.800000000e+00
      NODE   518 1.555100000e+02 1.318000000e+02 4.800000000e+00
      NODE   519 1.565600000e+02 1.318000000e+02 4.800000000e+00
 FIXATIONS
     BLOCK     1   F0   F0   F0   F0   F0   F0   NO
     BLOCK    20   F0   F0   F0   F0   F0   F0   NO
     BLOCK    30   F0   F0   F0   F0   F0   F0   NO
     BLOCK    72   F0   F0   F0   F0   F0   F0   NO
     BLOCK   133   F0   F0   F0   F0   F0   F0   NO
     BLOCK   167   F0   F0   F0   F0   F0   F0   NO
     BLOCK   181   F0   F0   F0   F0   F0   F0   NO
     BLOCK   203   F0   F0   F0   F0   F0   F0   NO
     BLOCK   239   F0   F0   F0   F0   F0   F0   NO
   END_FIX
 NODOFBEAM
rro200x300x6.tem
1
 TRANSLATE    1    2
rro200x300x6.tem
1
 TRANSLATE    1    2
rro200x300x6.tem
1
 TRANSLATE    1    2
rro200x300x6.tem
1
 TRANSLATE    1    2
rro200x300x6.tem
1
 TRANSLATE    1    2
rro200x300x6.tem
1
 TRANSLATE    1    2
rro200x300x6.tem
1
 TRANSLATE    1    2
rro200x300x6.tem
1
 TRANSLATE    1    2
rro200x300x6.tem
1
 TRANSLATE    1    2
rro200x300x6.tem
1
 TRANSLATE    1    2
rro200x300x6.tem
1
 TRANSLATE    1    2
rro200x300x6.tem
1
 TRANSLATE    1    2
rro200x300x6.tem
1
 TRANSLATE    1    2
rro200x300x6.tem
1
 TRANSLATE    1    2
rro200x300x6.tem
1
 TRANSLATE    1    2
rro200x300x6.tem
1
 TRANSLATE    1    2
rro200x300x6.tem
1
 TRANSLATE    1    2
rro200x300x6.tem
1
 TRANSLATE    1    2
rro200x300x6.tem
1
 TRANSLATE    1    2
rro200x300x6.tem
1
 TRANSLATE    1    2
rro200x300x6.tem
1
 TRANSLATE    1    2
rro200x300x6.tem
1
 TRANSLATE    1    2
rro200x300x6.tem
1
 TRANSLATE    1    2
rro200x300x6.tem
1
 TRANSLATE    1    2
rro200x300x6.tem
1
 TRANSLATE    1    2
rro200x300x6.tem
1
 TRANSLATE    1    2
rro200x300x6.tem
1
 TRANSLATE    1    2
rro200x300x6.tem
1
 TRANSLATE    1    2
rro200x300x6.tem
1
 TRANSLATE    1    2
rro200x300x6.tem
1
 TRANSLATE    1    2
rro200x300x6.tem
1
 TRANSLATE    1    2
rro200x300x6.tem
1
 TRANSLATE    1    2
rro200x300x6.tem
1
 TRANSLATE    1    2
rro200x300x6.tem
1
 TRANSLATE    1    2
rro200x300x6.tem
1
 TRANSLATE    1    2
rro200x300x6.tem
1
 TRANSLATE    1    2
rro200x300x6.tem
1
 TRANSLATE    1    2
rro200x300x6.tem
1
 TRANSLATE    1    2
rro200x300x6.tem
1
 TRANSLATE    1    2
rro200x300x6.tem
1
 TRANSLATE    1    2
rro200x300x6.tem
1
 TRANSLATE    1    2
rro200x300x6.tem
1
 TRANSLATE    1    2
rro200x300x6.tem
1
 TRANSLATE    1    2
rro200x300x6.tem
1
 TRANSLATE    1    2
rro200x300x6.tem
1
 TRANSLATE    1    2
1t450sp40.tem
1
 TRANSLATE    1    3
1t450sp40.tem
1
 TRANSLATE    1    3
1t450sp40.tem
1
 TRANSLATE    1    3
1t450sp40.tem
1
 TRANSLATE    1    3
1t450sp40.tem
1
 TRANSLATE    1    3
1t450sp40.tem
1
 TRANSLATE    1    3
1t450sp40.tem
1
 TRANSLATE    1    3
1t450sp40.tem
1
 TRANSLATE    1    3
1t450sp40.tem
1
 TRANSLATE    1    3
1t450sp40.tem
1
 TRANSLATE    1    3
1t450sp40.tem
1
 TRANSLATE    1    3
1t450sp40.tem
1
 TRANSLATE    1    3
1t450sp40.tem
1
 TRANSLATE    1    3
1t450sp40.tem
1
 TRANSLATE    1    3
1t450sp40.tem
1
 TRANSLATE    1    3
1t450sp40.tem
1
 TRANSLATE    1    3
1t450sp40.tem
1
 TRANSLATE    1    3
1t450sp40.tem
1
 TRANSLATE    1    3
1t450sp40.tem
1
 TRANSLATE    1    3
1t450sp40.tem
1
 TRANSLATE    1    3
1t450sp40.tem
1
 TRANSLATE    1    3
1t450sp40.tem
1
 TRANSLATE    1    3
1t450sp40.tem
1
 TRANSLATE    1    3
1t450sp40.tem
1
 TRANSLATE    1    3
1t450sp40.tem
1
 TRANSLATE    1    3
1t450sp40.tem
1
 TRANSLATE    1    3
1t450sp40.tem
1
 TRANSLATE    1    3
1t450sp40.tem
1
 TRANSLATE    1    3
1t450sp40.tem
1
 TRANSLATE    1    3
1t450sp40.tem
1
 TRANSLATE    1    3
1t450sp40.tem
1
 TRANSLATE    1    3
1t450sp40.tem
1
 TRANSLATE    1    3
1t450sp40.tem
1
 TRANSLATE    1    3
1t450sp40.tem
1
 TRANSLATE    1    3
1t450sp40.tem
1
 TRANSLATE    1    3
1t450sp40.tem
1
 TRANSLATE    1    3
1t450sp40.tem
1
 TRANSLATE    1    3
1t450sp40.tem
1
 TRANSLATE    1    3
1t450sp40.tem
1
 TRANSLATE    1    3
1t450sp40.tem
1
 TRANSLATE    1    3
1t450sp40.tem
1
 TRANSLATE    1    3
1t450sp40.tem
1
 TRANSLATE    1    3
1t450sp40.tem
1
 TRANSLATE    1    3
1t450sp40.tem
1
 TRANSLATE    1    3
1t450sp40.tem
1
 TRANSLATE    1    3
1t450sp40.tem
1
 TRANSLATE    1    3
1t450sp40.tem
1
 TRANSLATE    1    3
1t450sp40.tem
1
 TRANSLATE    1    3
1t450sp40.tem
1
 TRANSLATE    1    3
1t450sp40.tem
1
 TRANSLATE    1    3
1t450sp40.tem
1
 TRANSLATE    1    3
1t450sp40.tem
1
 TRANSLATE    1    3
1t450sp40.tem
1
 TRANSLATE    1    3
1t450sp40.tem
1
 TRANSLATE    1    3
1t450sp40.tem
1
 TRANSLATE    1    3
1t450sp40.tem
1
 TRANSLATE    1    3
1t450sp40.tem
1
 TRANSLATE    1    3
1t450sp40.tem
1
 TRANSLATE    1    3
1t450sp40.tem
1
 TRANSLATE    1    3
1t450sp40.tem
1
 TRANSLATE    1    3
1t450sp40.tem
1
 TRANSLATE    1    3
1t450sp40.tem
1
 TRANSLATE    1    3
1t450sp40.tem
1
 TRANSLATE    1    3
1t450sp40.tem
1
 TRANSLATE    1    3
1t450sp40.tem
1
 TRANSLATE    1    3
1t450sp40.tem
1
 TRANSLATE    1    3
1t450sp40.tem
1
 TRANSLATE    1    3
1t450sp40.tem
1
 TRANSLATE    1    3
1t450sp40.tem
1
 TRANSLATE    1    3
1t450sp40.tem
1
 TRANSLATE    1    3
1t450sp40.tem
1
 TRANSLATE    1    3
1t450sp40.tem
1
 TRANSLATE    1    3
1t450sp40.tem
1
 TRANSLATE    1    3
1t450sp40.tem
1
 TRANSLATE    1    3
1t450sp40.tem
1
 TRANSLATE    1    3
1t450sp40.tem
1
 TRANSLATE    1    3
1t450sp40.tem
1
 TRANSLATE    1    3
1t450sp40.tem
1
 TRANSLATE    1    3
1t450sp40.tem
1
 TRANSLATE    1    3
1t450sp40.tem
1
 TRANSLATE    1    3
1t450sp40.tem
1
 TRANSLATE    1    3
1t450sp40.tem
1
 TRANSLATE    1    3
1t450sp40.tem
1
 TRANSLATE    1    3
1t450sp40.tem
1
 TRANSLATE    1    3
1t450sp40.tem
1
 TRANSLATE    1    3
1t450sp40.tem
1
 TRANSLATE    1    3
1t450sp40.tem
1
 TRANSLATE    1    3
1t450sp40.tem
1
 TRANSLATE    1    3
1t450sp40.tem
1
 TRANSLATE    1    3
1t450sp40.tem
1
 TRANSLATE    1    3
1t450sp40.tem
1
 TRANSLATE    1    3
1t450sp40.tem
1
 TRANSLATE    1    3
1t450sp40.tem
1
 TRANSLATE    1    3
1t450sp40.tem
1
 TRANSLATE    1    3
1t450sp40.tem
1
 TRANSLATE    1    3
1t450sp40.tem
1
 TRANSLATE    1    3
1t450sp40.tem
1
 TRANSLATE    1    3
1t450sp40.tem
1
 TRANSLATE    1    3
1t450sp40.tem
1
 TRANSLATE    1    3
1t450sp40.tem
1
 TRANSLATE    1    3
1t450sp40.tem
1
 TRANSLATE    1    3
1t450sp40.tem
1
 TRANSLATE    1    3
1t450sp40.tem
1
 TRANSLATE    1    3
1t450sp40.tem
1
 TRANSLATE    1    3
1t450sp40.tem
1
 TRANSLATE    1    3
1t450sp40.tem
1
 TRANSLATE    1    3
1t450sp40.tem
1
 TRANSLATE    1    3
1t450sp40.tem
1
 TRANSLATE    1    3
1t450sp40.tem
1
 TRANSLATE    1    3
1t450sp40.tem
1
 TRANSLATE    1    3
1t450sp40.tem
1
 TRANSLATE    1    3
1t450sp40.tem
1
 TRANSLATE    1    3
1t450sp40.tem
1
 TRANSLATE    1    3
1t450sp40.tem
1
 TRANSLATE    1    3
1t450sp40.tem
1
 TRANSLATE    1    3
1t450sp40.tem
1
 TRANSLATE    1    3
1t450sp40.tem
1
 TRANSLATE    1    3
1t450sp40.tem
1
 TRANSLATE    1    3
1t450sp40.tem
1
 TRANSLATE    1    3
1t450sp40.tem
1
 TRANSLATE    1    3
1t450sp40.tem
1
 TRANSLATE    1    3
1t450sp40.tem
1
 TRANSLATE    1    3
1t450sp40.tem
1
 TRANSLATE    1    3
1t450sp40.tem
1
 TRANSLATE    1    3
1t450sp40.tem
1
 TRANSLATE    1    3
1t450sp40.tem
1
 TRANSLATE    1    3
1t450sp40.tem
1
 TRANSLATE    1    3
1t450sp40.tem
1
 TRANSLATE    1    3
1t450sp40.tem
1
 TRANSLATE    1    3
1t450sp40.tem
1
 TRANSLATE    1    3
1t450sp40.tem
1
 TRANSLATE    1    3
1t450sp40.tem
1
 TRANSLATE    1    3
1t450sp40.tem
1
 TRANSLATE    1    3
1t450sp40.tem
1
 TRANSLATE    1    3
1t450sp40.tem
1
 TRANSLATE    1    3
1t450sp40.tem
1
 TRANSLATE    1    3
1t450sp40.tem
1
 TRANSLATE    1    3
1t450sp40.tem
1
 TRANSLATE    1    3
1t450sp40.tem
1
 TRANSLATE    1    3
1t450sp40.tem
1
 TRANSLATE    1    3
1t450sp40.tem
1
 TRANSLATE    1    3
1t450sp40.tem
1
 TRANSLATE    1    3
1t450sp40.tem
1
 TRANSLATE    1    3
1t450sp40.tem
1
 TRANSLATE    1    3
t250sp40.tem
1
 TRANSLATE    1    3
t250sp40.tem
1
 TRANSLATE    1    3
t250sp40.tem
1
 TRANSLATE    1    3
t250sp40.tem
1
 TRANSLATE    1    3
t250sp40.tem
1
 TRANSLATE    1    3
t250sp40.tem
1
 TRANSLATE    1    3
t250sp40.tem
1
 TRANSLATE    1    3
t250sp40.tem
1
 TRANSLATE    1    3
t250sp40.tem
1
 TRANSLATE    1    3
t250sp40.tem
1
 TRANSLATE    1    3
t250sp40.tem
1
 TRANSLATE    1    3
t250sp40.tem
1
 TRANSLATE    1    3
t250sp40.tem
1
 TRANSLATE    1    3
t250sp40.tem
1
 TRANSLATE    1    3
t250sp40.tem
1
 TRANSLATE    1    3
t250sp40.tem
1
 TRANSLATE    1    3
t250sp40.tem
1
 TRANSLATE    1    3
t250sp40.tem
1
 TRANSLATE    1    3
t250sp40.tem
1
 TRANSLATE    1    3
t250sp40.tem
1
 TRANSLATE    1    3
t250sp40.tem
1
 TRANSLATE    1    3
t250sp40.tem
1
 TRANSLATE    1    3
t250sp40.tem
1
 TRANSLATE    1    3
t250sp40.tem
1
 TRANSLATE    1    3
t250sp40.tem
1
 TRANSLATE    1    3
t250sp40.tem
1
 TRANSLATE    1    3
t250sp40.tem
1
 TRANSLATE    1    3
t250sp40.tem
1
 TRANSLATE    1    3
t250sp40.tem
1
 TRANSLATE    1    3
t250sp40.tem
1
 TRANSLATE    1    3
2t250sp40.tem
1
 TRANSLATE    1    3
2t250sp40.tem
1
 TRANSLATE    1    3
2t250sp40.tem
1
 TRANSLATE    1    3
2t250sp40.tem
1
 TRANSLATE    1    3
2t250sp40.tem
1
 TRANSLATE    1    3
2t250sp40.tem
1
 TRANSLATE    1    3
t450sp50.tem
1
 TRANSLATE    1    3
t450sp50.tem
1
 TRANSLATE    1    3
t450sp50.tem
1
 TRANSLATE    1    3
t450sp50.tem
1
 TRANSLATE    1    3
t450sp50.tem
1
 TRANSLATE    1    3
t450sp50.tem
1
 TRANSLATE    1    3
t450sp30.tem
1
 TRANSLATE    1    3
t450sp30.tem
1
 TRANSLATE    1    3
t450sp30.tem
1
 TRANSLATE    1    3
t450sp30.tem
1
 TRANSLATE    1    3
t450sp30.tem
1
 TRANSLATE    1    3
t450sp30.tem
1
 TRANSLATE    1    3
t450sp30.tem
1
 TRANSLATE    1    3
t450sp30.tem
1
 TRANSLATE    1    3
t450sp30.tem
1
 TRANSLATE    1    3
t450sp30.tem
1
 TRANSLATE    1    3
t450sp30.tem
1
 TRANSLATE    1    3
t450sp30.tem
1
 TRANSLATE    1    3
t450sp30.tem
1
 TRANSLATE    1    3
t450sp30.tem
1
 TRANSLATE    1    3
t450sp30.tem
1
 TRANSLATE    1    3
t450sp50.tem
1
 TRANSLATE    1    3
t450sp50.tem
1
 TRANSLATE    1    3
t450sp50.tem
1
 TRANSLATE    1    3
t450sp50.tem
1
 TRANSLATE    1    3
t450sp50.tem
1
 TRANSLATE    1    3
t450sp50.tem
1
 TRANSLATE    1    3
t450sp50.tem
1
 TRANSLATE    1    3
t450sp50.tem
1
 TRANSLATE    1    3
t450sp50.tem
1
 TRANSLATE    1    3
t450sp50.tem
1
 TRANSLATE    1    3
t450sp50.tem
1
 TRANSLATE    1    3
t450sp50.tem
1
 TRANSLATE    1    3
t450sp50.tem
1
 TRANSLATE    1    3
t450sp50.tem
1
 TRANSLATE    1    3
t450sp50.tem
1
 TRANSLATE    1    3
t450sp50.tem
1
 TRANSLATE    1    3
t450sp50.tem
1
 TRANSLATE    1    3
t450sp50.tem
1
 TRANSLATE    1    3
t450sp50.tem
1
 TRANSLATE    1    3
t450sp50.tem
1
 TRANSLATE    1    3
t450sp50.tem
1
 TRANSLATE    1    3
t450sp50.tem
1
 TRANSLATE    1    3
t450sp50.tem
1
 TRANSLATE    1    3
t450sp50.tem
1
 TRANSLATE    1    3
t450sp50.tem
1
 TRANSLATE    1    3
t450sp50.tem
1
 TRANSLATE    1    3
t450sp50.tem
1
 TRANSLATE    1    3
BEGIN_LOCAL_AXES
    1
cen  134.2500000000      10.5500000000       0.0000000000
x'=    0.0000000000      -0.0000000000       1.0000000000
y'=    1.0000000000       0.0000000000      -0.0000000000
z'=    0.0000000000       1.0000000000       0.0000000000
    2
cen  298.0500000000     112.4500000000       0.0000000000
x'=   -0.0000000000       0.0000000000       1.0000000000
y'=   -1.0000000000      -0.0000000000      -0.0000000000
z'=    0.0000000000      -1.0000000000       0.0000000000
    3
cen    0.0000000000       0.0000000000       0.0000000000
x'=   -0.0000000000       1.0000000000       0.0000000000
y'=   -0.0000000000      -0.0000000000       1.0000000000
z'=    1.0000000000       0.0000000000       0.0000000000
    4
cen    0.0000000000       0.0000000000       0.0000000000
x'=    1.0000000000       0.0000000000       0.0000000000
y'=   -0.0000000000       0.0000000000       1.0000000000
z'=    0.0000000000      -1.0000000000       0.0000000000
END_LOCAL_AXES
     ELEM     1   239   247   240      2 rro200x300x6.tem
     ELEM     2   240   248   242      2 rro200x300x6.tem
     ELEM     3   242   249   243      2 rro200x300x6.tem
     ELEM     4   243   250   244      2 rro200x300x6.tem
     ELEM     5   244   251   246      2 rro200x300x6.tem
     ELEM     6   181   252   182      2 rro200x300x6.tem
     ELEM     7   182   253   187      2 rro200x300x6.tem
     ELEM     8   187   254   190      2 rro200x300x6.tem
     ELEM     9   190   255   198      2 rro200x300x6.tem
     ELEM    10   198   256   204      2 rro200x300x6.tem
     ELEM    11   133   257   134      2 rro200x300x6.tem
     ELEM    12   134   258   139      2 rro200x300x6.tem
     ELEM    13   139   259   143      2 rro200x300x6.tem
     ELEM    14   143   260   150      2 rro200x300x6.tem
     ELEM    15   150   261   157      2 rro200x300x6.tem
     ELEM    16   203   262   205      2 rro200x300x6.tem
     ELEM    17   205   263   207      2 rro200x300x6.tem
     ELEM    18   207   264   212      2 rro200x300x6.tem
     ELEM    19   212   265   214      2 rro200x300x6.tem
     ELEM    20   214   266   218      2 rro200x300x6.tem
     ELEM    21    72   267    74      2 rro200x300x6.tem
     ELEM    22    74   268    77      2 rro200x300x6.tem
     ELEM    23    77   269    84      2 rro200x300x6.tem
     ELEM    24    84   270    89      2 rro200x300x6.tem
     ELEM    25    89   271    99      2 rro200x300x6.tem
     ELEM    26    20   272    23      2 rro200x300x6.tem
     ELEM    27    23   273    26      2 rro200x300x6.tem
     ELEM    28    26   274    33      2 rro200x300x6.tem
     ELEM    29    33   275    40      2 rro200x300x6.tem
     ELEM    30    40   276    51      2 rro200x300x6.tem
     ELEM    31   167   277   168      2 rro200x300x6.tem
     ELEM    32   168   278   172      2 rro200x300x6.tem
     ELEM    33   172   279   178      2 rro200x300x6.tem
     ELEM    34   178   280   184      2 rro200x300x6.tem
     ELEM    35   184   281   193      2 rro200x300x6.tem
     ELEM    36    30   282    34      2 rro200x300x6.tem
     ELEM    37    34   283    37      2 rro200x300x6.tem
     ELEM    38    37   284    41      2 rro200x300x6.tem
     ELEM    39    41   285    50      2 rro200x300x6.tem
     ELEM    40    50   286    60      2 rro200x300x6.tem
     ELEM    41     1   287     2      2 rro200x300x6.tem
     ELEM    42     2   288     3      2 rro200x300x6.tem
     ELEM    43     3   289     4      2 rro200x300x6.tem
     ELEM    44     4   290     5      2 rro200x300x6.tem
     ELEM    45     5   291     6      2 rro200x300x6.tem
     ELEM    46   152   292   153      3 1t450sp40.tem
     ELEM    47   153   293   156      3 1t450sp40.tem
     ELEM    48   156   294   162      3 1t450sp40.tem
     ELEM    49   162   295   174      3 1t450sp40.tem
     ELEM    50   174   296   186      3 1t450sp40.tem
     ELEM    51   186   297   199      3 1t450sp40.tem
     ELEM    52   126   298   127      3 1t450sp40.tem
     ELEM    53   127   299   131      3 1t450sp40.tem
     ELEM    54   131   300   141      3 1t450sp40.tem
     ELEM    55   141   301   147      3 1t450sp40.tem
     ELEM    56   147   302   158      3 1t450sp40.tem
     ELEM    57   158   303   177      3 1t450sp40.tem
     ELEM    58   109   304   110      3 1t450sp40.tem
     ELEM    59   110   305   113      3 1t450sp40.tem
     ELEM    60   113   306   120      3 1t450sp40.tem
     ELEM    61   120   307   124      3 1t450sp40.tem
     ELEM    62   124   308   138      3 1t450sp40.tem
     ELEM    63   138   309   151      3 1t450sp40.tem
     ELEM    64    92   310    93      3 1t450sp40.tem
     ELEM    65    93   311    95      3 1t450sp40.tem
     ELEM    66    95   312   101      3 1t450sp40.tem
     ELEM    67   101   313   108      3 1t450sp40.tem
     ELEM    68   108   314   119      3 1t450sp40.tem
     ELEM    69   119   315   129      3 1t450sp40.tem
     ELEM    70    73   316    75      3 1t450sp40.tem
     ELEM    71    75   317    81      3 1t450sp40.tem
     ELEM    72    81   318    87      3 1t450sp40.tem
     ELEM    73    87   319    94      3 1t450sp40.tem
     ELEM    74    94   320   104      3 1t450sp40.tem
     ELEM    75   104   321   116      3 1t450sp40.tem
     ELEM    76    58   322    59      3 1t450sp40.tem
     ELEM    77    59   323    62      3 1t450sp40.tem
     ELEM    78    62   324    69      3 1t450sp40.tem
     ELEM    79    69   325    80      3 1t450sp40.tem
     ELEM    80    80   326    90      3 1t450sp40.tem
     ELEM    81    90   327   102      3 1t450sp40.tem
     ELEM    82    42   328    44      3 1t450sp40.tem
     ELEM    83    44   329    49      3 1t450sp40.tem
     ELEM    84    49   330    55      3 1t450sp40.tem
     ELEM    85    55   331    66      3 1t450sp40.tem
     ELEM    86    66   332    76      3 1t450sp40.tem
     ELEM    87    76   333    91      3 1t450sp40.tem
     ELEM    88    28   334    32      3 1t450sp40.tem
     ELEM    89    32   335    38      3 1t450sp40.tem
     ELEM    90    38   336    43      3 1t450sp40.tem
     ELEM    91    43   337    54      3 1t450sp40.tem
     ELEM    92    54   338    67      3 1t450sp40.tem
     ELEM    93    67   339    83      3 1t450sp40.tem
     ELEM    94    17   340    21      3 1t450sp40.tem
     ELEM    95    21   341    25      3 1t450sp40.tem
     ELEM    96    25   342    35      3 1t450sp40.tem
     ELEM    97    35   343    45      3 1t450sp40.tem
     ELEM    98    45   344    57      3 1t450sp40.tem
     ELEM    99    57   345    70      3 1t450sp40.tem
     ELEM   100    14   346    16      3 1t450sp40.tem
     ELEM   101    16   347    22      3 1t450sp40.tem
     ELEM   102    22   348    27      3 1t450sp40.tem
     ELEM   103    27   349    39      3 1t450sp40.tem
     ELEM   104    39   350    53      3 1t450sp40.tem
     ELEM   105    53   351    68      3 1t450sp40.tem
     ELEM   106    10   352    11      3 1t450sp40.tem
     ELEM   107    11   353    15      3 1t450sp40.tem
     ELEM   108    15   354    24      3 1t450sp40.tem
     ELEM   109    24   355    36      3 1t450sp40.tem
     ELEM   110    36   356    48      3 1t450sp40.tem
     ELEM   111    48   357    63      3 1t450sp40.tem
     ELEM   112     7   358     9      3 1t450sp40.tem
     ELEM   113     9   359    13      3 1t450sp40.tem
     ELEM   114    13   360    19      3 1t450sp40.tem
     ELEM   115    19   361    31      3 1t450sp40.tem
     ELEM   116    31   362    47      3 1t450sp40.tem
     ELEM   117    47   363    61      3 1t450sp40.tem
     ELEM   118   199   364   213      3 1t450sp40.tem
     ELEM   119   213   365   221      3 1t450sp40.tem
     ELEM   120   221   366   227      3 1t450sp40.tem
     ELEM   121   227   367   232      3 1t450sp40.tem
     ELEM   122   232   368   236      3 1t450sp40.tem
     ELEM   123   236   369   245      3 1t450sp40.tem
     ELEM   124   177   370   191      3 1t450sp40.tem
     ELEM   125   191   371   209      3 1t450sp40.tem
     ELEM   126   209   372   219      3 1t450sp40.tem
     ELEM   127   219   373   228      3 1t450sp40.tem
     ELEM   128   228   374   233      3 1t450sp40.tem
     ELEM   129   233   375   237      3 1t450sp40.tem
     ELEM   130   151   376   169      3 1t450sp40.tem
     ELEM   131   169   377   188      3 1t450sp40.tem
     ELEM   132   188   378   208      3 1t450sp40.tem
     ELEM   133   208   379   220      3 1t450sp40.tem
     ELEM   134   220   380   229      3 1t450sp40.tem
     ELEM   135   229   381   235      3 1t450sp40.tem
     ELEM   136   129   382   146      3 1t450sp40.tem
     ELEM   137   146   383   166      3 1t450sp40.tem
     ELEM   138   166   384   189      3 1t450sp40.tem
     ELEM   139   189   385   211      3 1t450sp40.tem
     ELEM   140   211   386   223      3 1t450sp40.tem
     ELEM   141   223   387   231      3 1t450sp40.tem
     ELEM   142   116   388   128      3 1t450sp40.tem
     ELEM   143   128   389   148      3 1t450sp40.tem
     ELEM   144   148   390   171      3 1t450sp40.tem
     ELEM   145   171   391   196      3 1t450sp40.tem
     ELEM   146   196   392   215      3 1t450sp40.tem
     ELEM   147   215   393   226      3 1t450sp40.tem
     ELEM   148   102   394   117      3 1t450sp40.tem
     ELEM   149   117   395   132      3 1t450sp40.tem
     ELEM   150   132   396   154      3 1t450sp40.tem
     ELEM   151   154   397   179      3 1t450sp40.tem
     ELEM   152   179   398   206      3 1t450sp40.tem
     ELEM   153   206   399   222      3 1t450sp40.tem
     ELEM   154    91   400   105      3 1t450sp40.tem
     ELEM   155   105   401   122      3 1t450sp40.tem
     ELEM   156   122   402   142      3 1t450sp40.tem
     ELEM   157   142   403   165      3 1t450sp40.tem
     ELEM   158   165   404   195      3 1t450sp40.tem
     ELEM   159   195   405   217      3 1t450sp40.tem
     ELEM   160    83   406    98      3 1t450sp40.tem
     ELEM   161    98   407   112      3 1t450sp40.tem
     ELEM   162   112   408   130      3 1t450sp40.tem
     ELEM   163   130   409   155      3 1t450sp40.tem
     ELEM   164   155   410   183      3 1t450sp40.tem
     ELEM   165   183   411   210      3 1t450sp40.tem
     ELEM   166    70   412    88      3 1t450sp40.tem
     ELEM   167    88   413   106      3 1t450sp40.tem
     ELEM   168   106   414   123      3 1t450sp40.tem
     ELEM   169   123   415   145      3 1t450sp40.tem
     ELEM   170   145   416   176      3 1t450sp40.tem
     ELEM   171   176   417   202      3 1t450sp40.tem
     ELEM   172    68   418    86      3 1t450sp40.tem
     ELEM   173    86   419   103      3 1t450sp40.tem
     ELEM   174   103   420   121      3 1t450sp40.tem
     ELEM   175   121   421   144      3 1t450sp40.tem
     ELEM   176   144   422   170      3 1t450sp40.tem
     ELEM   177   170   423   200      3 1t450sp40.tem
     ELEM   178    63   424    82      3 1t450sp40.tem
     ELEM   179    82   425   100      3 1t450sp40.tem
     ELEM   180   100   426   118      3 1t450sp40.tem
     ELEM   181   118   427   140      3 1t450sp40.tem
     ELEM   182   140   428   164      3 1t450sp40.tem
     ELEM   183   164   429   197      3 1t450sp40.tem
     ELEM   184    61   430    79      3 1t450sp40.tem
     ELEM   185    79   431    97      3 1t450sp40.tem
     ELEM   186    97   432   115      3 1t450sp40.tem
     ELEM   187   115   433   136      3 1t450sp40.tem
     ELEM   188   136   434   161      3 1t450sp40.tem
     ELEM   189   161   435   194      3 1t450sp40.tem
     ELEM   190   157   436   159      3 t250sp40.tem
     ELEM   191   159   437   163      3 t250sp40.tem
     ELEM   192   163   438   173      3 t250sp40.tem
     ELEM   193   173   439   180      3 t250sp40.tem
     ELEM   194   180   440   192      3 t250sp40.tem
     ELEM   195   192   441   204      3 t250sp40.tem
     ELEM   196    51   442    52      3 t250sp40.tem
     ELEM   197    52   443    56      3 t250sp40.tem
     ELEM   198    56   444    64      3 t250sp40.tem
     ELEM   199    64   445    71      3 t250sp40.tem
     ELEM   200    71   446    85      3 t250sp40.tem
     ELEM   201    85   447    99      3 t250sp40.tem
     ELEM   202     6   448     8      3 t250sp40.tem
     ELEM   203     8   449    12      3 t250sp40.tem
     ELEM   204    12   450    18      3 t250sp40.tem
     ELEM   205    18   451    29      3 t250sp40.tem
     ELEM   206    29   452    46      3 t250sp40.tem
     ELEM   207    46   453    60      3 t250sp40.tem
     ELEM   208   246   454   238      3 t250sp40.tem
     ELEM   209   238   455   234      3 t250sp40.tem
     ELEM   210   234   456   230      3 t250sp40.tem
     ELEM   211   230   457   224      3 t250sp40.tem
     ELEM   212   224   458   216      3 t250sp40.tem
     ELEM   213   216   459   204      3 t250sp40.tem
     ELEM   214   193   460   160      3 t250sp40.tem
     ELEM   215   160   461   135      3 t250sp40.tem
     ELEM   216   135   462   114      3 t250sp40.tem
     ELEM   217   114   463    96      3 t250sp40.tem
     ELEM   218    96   464    78      3 t250sp40.tem
     ELEM   219    78   465    60      3 t250sp40.tem
     ELEM   220   218   466   201      3 2t250sp40.tem
     ELEM   221   201   467   175      3 2t250sp40.tem
     ELEM   222   175   468   149      3 2t250sp40.tem
     ELEM   223   149   469   125      3 2t250sp40.tem
     ELEM   224   125   470   111      3 2t250sp40.tem
     ELEM   225   111   471    99      3 2t250sp40.tem
     ELEM   226   157   472   152      4 t450sp50.tem
     ELEM   227   152   473   137      4 t450sp50.tem
     ELEM   228   204   474   199      4 t450sp50.tem
     ELEM   229   199   475   185      4 t450sp50.tem
     ELEM   230   246   476   245      4 t450sp50.tem
     ELEM   231   245   477   241      4 t450sp50.tem
     ELEM   232   137   478   126      4 t450sp30.tem
     ELEM   233   185   479   177      4 t450sp30.tem
     ELEM   234   241   480   237      4 t450sp30.tem
     ELEM   235   126   481   109      4 t450sp30.tem
     ELEM   236   177   482   151      4 t450sp30.tem
     ELEM   237   237   483   235      4 t450sp30.tem
     ELEM   238   109   484    92      4 t450sp30.tem
     ELEM   239   151   485   129      4 t450sp30.tem
     ELEM   240   235   486   231      4 t450sp30.tem
     ELEM   241    92   487    73      4 t450sp30.tem
     ELEM   242    73   488    65      4 t450sp30.tem
     ELEM   243   129   489   116      4 t450sp30.tem
     ELEM   244   116   490   107      4 t450sp30.tem
     ELEM   245   231   491   226      4 t450sp30.tem
     ELEM   246   226   492   225      4 t450sp30.tem
     ELEM   247    65   493    58      4 t450sp50.tem
     ELEM   248    58   494    51      4 t450sp50.tem
     ELEM   249   107   495   102      4 t450sp50.tem
     ELEM   250   102   496    99      4 t450sp50.tem
     ELEM   251   225   497   222      4 t450sp50.tem
     ELEM   252   222   498   218      4 t450sp50.tem
     ELEM   253    51   499    42      4 t450sp50.tem
     ELEM   254    99   500    91      4 t450sp50.tem
     ELEM   255   218   501   217      4 t450sp50.tem
     ELEM   256    42   502    28      4 t450sp50.tem
     ELEM   257    91   503    83      4 t450sp50.tem
     ELEM   258   217   504   210      4 t450sp50.tem
     ELEM   259    28   505    17      4 t450sp50.tem
     ELEM   260    17   506    14      4 t450sp50.tem
     ELEM   261    83   507    70      4 t450sp50.tem
     ELEM   262    70   508    68      4 t450sp50.tem
     ELEM   263   210   509   202      4 t450sp50.tem
     ELEM   264   202   510   200      4 t450sp50.tem
     ELEM   265     7   511     6      4 t450sp50.tem
     ELEM   266    61   512    60      4 t450sp50.tem
     ELEM   267   194   513   193      4 t450sp50.tem
     ELEM   268    14   514    10      4 t450sp50.tem
     ELEM   269    10   515     7      4 t450sp50.tem
     ELEM   270    68   516    63      4 t450sp50.tem
     ELEM   271    63   517    61      4 t450sp50.tem
     ELEM   272   200   518   197      4 t450sp50.tem
     ELEM   273   197   519   194      4 t450sp50.tem
PRECISION 1.0e-3 
     LOADS
  FUNCTION FLOAD
  NODELOAD      6 -2.56e+03  0.00e+00 -5.00e+05  0.00e+00  0.00e+00  0.00e+00
  NODELOAD     51 -2.56e+03  0.00e+00 -5.00e+05  0.00e+00  0.00e+00  0.00e+00
  NODELOAD     60 -2.56e+03  0.00e+00 -5.00e+05  0.00e+00  0.00e+00  0.00e+00
  NODELOAD     99 -2.56e+03  0.00e+00 -5.00e+05  0.00e+00  0.00e+00  0.00e+00
  NODELOAD    157 -2.56e+03  0.00e+00 -5.00e+05  0.00e+00  0.00e+00  0.00e+00
  NODELOAD    193 -2.56e+03  0.00e+00 -5.00e+05  0.00e+00  0.00e+00  0.00e+00
  NODELOAD    204 -2.56e+03  0.00e+00 -5.00e+05  0.00e+00  0.00e+00  0.00e+00
  NODELOAD    218 -2.56e+03  0.00e+00 -5.00e+05  0.00e+00  0.00e+00  0.00e+00
  NODELOAD    246 -2.56e+03  0.00e+00 -5.00e+05  0.00e+00  0.00e+00  0.00e+00
  END_LOAD
  FUNCTION FLOAD
 DISTRBEAM      1  2.08e+03  0.00e+00 -4.70e+02
 DISTRBEAM      2  2.08e+03  0.00e+00 -4.70e+02
 DISTRBEAM      3  2.08e+03  0.00e+00 -4.70e+02
 DISTRBEAM      4  2.08e+03  0.00e+00 -4.70e+02
 DISTRBEAM      5  2.08e+03  0.00e+00 -4.70e+02
 DISTRBEAM      6  2.08e+03  0.00e+00 -4.70e+02
 DISTRBEAM      7  2.08e+03  0.00e+00 -4.70e+02
 DISTRBEAM      8  2.08e+03  0.00e+00 -4.70e+02
 DISTRBEAM      9  2.08e+03  0.00e+00 -4.70e+02
 DISTRBEAM     10  2.08e+03  0.00e+00 -4.70e+02
 DISTRBEAM     11  2.08e+03  0.00e+00 -4.70e+02
 DISTRBEAM     12  2.08e+03  0.00e+00 -4.70e+02
 DISTRBEAM     13  2.08e+03  0.00e+00 -4.70e+02
 DISTRBEAM     14  2.08e+03  0.00e+00 -4.70e+02
 DISTRBEAM     15  2.08e+03  0.00e+00 -4.70e+02
 DISTRBEAM     16  2.08e+03  0.00e+00 -4.70e+02
 DISTRBEAM     17  2.08e+03  0.00e+00 -4.70e+02
 DISTRBEAM     18  2.08e+03  0.00e+00 -4.70e+02
 DISTRBEAM     19  2.08e+03  0.00e+00 -4.70e+02
 DISTRBEAM     20  2.08e+03  0.00e+00 -4.70e+02
 DISTRBEAM     21  2.08e+03  0.00e+00 -4.70e+02
 DISTRBEAM     22  2.08e+03  0.00e+00 -4.70e+02
 DISTRBEAM     23  2.08e+03  0.00e+00 -4.70e+02
 DISTRBEAM     24  2.08e+03  0.00e+00 -4.70e+02
 DISTRBEAM     25  2.08e+03  0.00e+00 -4.70e+02
 DISTRBEAM     26  2.08e+03  0.00e+00 -4.70e+02
 DISTRBEAM     27  2.08e+03  0.00e+00 -4.70e+02
 DISTRBEAM     28  2.08e+03  0.00e+00 -4.70e+02
 DISTRBEAM     29  2.08e+03  0.00e+00 -4.70e+02
 DISTRBEAM     30  2.08e+03  0.00e+00 -4.70e+02
 DISTRBEAM     31  2.08e+03  0.00e+00 -4.70e+02
 DISTRBEAM     32  2.08e+03  0.00e+00 -4.70e+02
 DISTRBEAM     33  2.08e+03  0.00e+00 -4.70e+02
 DISTRBEAM     34  2.08e+03  0.00e+00 -4.70e+02
 DISTRBEAM     35  2.08e+03  0.00e+00 -4.70e+02
 DISTRBEAM     36  2.08e+03  0.00e+00 -4.70e+02
 DISTRBEAM     37  2.08e+03  0.00e+00 -4.70e+02
 DISTRBEAM     38  2.08e+03  0.00e+00 -4.70e+02
 DISTRBEAM     39  2.08e+03  0.00e+00 -4.70e+02
 DISTRBEAM     40  2.08e+03  0.00e+00 -4.70e+02
 DISTRBEAM     41  2.08e+03  0.00e+00 -4.70e+02
 DISTRBEAM     42  2.08e+03  0.00e+00 -4.70e+02
 DISTRBEAM     43  2.08e+03  0.00e+00 -4.70e+02
 DISTRBEAM     44  2.08e+03  0.00e+00 -4.70e+02
 DISTRBEAM     45  2.08e+03  0.00e+00 -4.70e+02
 DISTRBEAM     46  0.00e+00  0.00e+00 -1.62e+03
 DISTRBEAM     47  0.00e+00  0.00e+00 -1.62e+03
 DISTRBEAM     48  0.00e+00  0.00e+00 -1.62e+03
 DISTRBEAM     49  0.00e+00  0.00e+00 -1.62e+03
 DISTRBEAM     50  0.00e+00  0.00e+00 -1.62e+03
 DISTRBEAM     51  0.00e+00  0.00e+00 -1.62e+03
 DISTRBEAM     52  0.00e+00  0.00e+00 -1.62e+03
 DISTRBEAM     53  0.00e+00  0.00e+00 -1.62e+03
 DISTRBEAM     54  0.00e+00  0.00e+00 -1.62e+03
 DISTRBEAM     55  0.00e+00  0.00e+00 -1.62e+03
 DISTRBEAM     56  0.00e+00  0.00e+00 -1.62e+03
 DISTRBEAM     57  0.00e+00  0.00e+00 -1.62e+03
 DISTRBEAM     58  0.00e+00  0.00e+00 -1.62e+03
 DISTRBEAM     59  0.00e+00  0.00e+00 -1.62e+03
 DISTRBEAM     60  0.00e+00  0.00e+00 -1.62e+03
 DISTRBEAM     61  0.00e+00  0.00e+00 -1.62e+03
 DISTRBEAM     62  0.00e+00  0.00e+00 -1.62e+03
 DISTRBEAM     63  0.00e+00  0.00e+00 -1.62e+03
 DISTRBEAM     64  0.00e+00  0.00e+00 -1.62e+03
 DISTRBEAM     65  0.00e+00  0.00e+00 -1.62e+03
 DISTRBEAM     66  0.00e+00  0.00e+00 -1.62e+03
 DISTRBEAM     67  0.00e+00  0.00e+00 -1.62e+03
 DISTRBEAM     68  0.00e+00  0.00e+00 -1.62e+03
 DISTRBEAM     69  0.00e+00  0.00e+00 -1.62e+03
 DISTRBEAM     70  0.00e+00  0.00e+00 -1.62e+03
 DISTRBEAM     71  0.00e+00  0.00e+00 -1.62e+03
 DISTRBEAM     72  0.00e+00  0.00e+00 -1.62e+03
 DISTRBEAM     73  0.00e+00  0.00e+00 -1.62e+03
 DISTRBEAM     74  0.00e+00  0.00e+00 -1.62e+03
 DISTRBEAM     75  0.00e+00  0.00e+00 -1.62e+03
 DISTRBEAM     76  0.00e+00  0.00e+00 -1.62e+03
 DISTRBEAM     77  0.00e+00  0.00e+00 -1.62e+03
 DISTRBEAM     78  0.00e+00  0.00e+00 -1.62e+03
 DISTRBEAM     79  0.00e+00  0.00e+00 -1.62e+03
 DISTRBEAM     80  0.00e+00  0.00e+00 -1.62e+03
 DISTRBEAM     81  0.00e+00  0.00e+00 -1.62e+03
 DISTRBEAM     82  0.00e+00  0.00e+00 -1.62e+03
 DISTRBEAM     83  0.00e+00  0.00e+00 -1.62e+03
 DISTRBEAM     84  0.00e+00  0.00e+00 -1.62e+03
 DISTRBEAM     85  0.00e+00  0.00e+00 -1.62e+03
 DISTRBEAM     86  0.00e+00  0.00e+00 -1.62e+03
 DISTRBEAM     87  0.00e+00  0.00e+00 -1.62e+03
 DISTRBEAM     88  0.00e+00  0.00e+00 -1.62e+03
 DISTRBEAM     89  0.00e+00  0.00e+00 -1.62e+03
 DISTRBEAM     90  0.00e+00  0.00e+00 -1.62e+03
 DISTRBEAM     91  0.00e+00  0.00e+00 -1.62e+03
 DISTRBEAM     92  0.00e+00  0.00e+00 -1.62e+03
 DISTRBEAM     93  0.00e+00  0.00e+00 -1.62e+03
 DISTRBEAM     94  0.00e+00  0.00e+00 -1.62e+03
 DISTRBEAM     95  0.00e+00  0.00e+00 -1.62e+03
 DISTRBEAM     96  0.00e+00  0.00e+00 -1.62e+03
 DISTRBEAM     97  0.00e+00  0.00e+00 -1.62e+03
 DISTRBEAM     98  0.00e+00  0.00e+00 -1.62e+03
 DISTRBEAM     99  0.00e+00  0.00e+00 -1.62e+03
 DISTRBEAM    100  0.00e+00  0.00e+00 -1.62e+03
 DISTRBEAM    101  0.00e+00  0.00e+00 -1.62e+03
 DISTRBEAM    102  0.00e+00  0.00e+00 -1.62e+03
 DISTRBEAM    103  0.00e+00  0.00e+00 -1.62e+03
 DISTRBEAM    104  0.00e+00  0.00e+00 -1.62e+03
 DISTRBEAM    105  0.00e+00  0.00e+00 -1.62e+03
 DISTRBEAM    106  0.00e+00  0.00e+00 -1.62e+03
 DISTRBEAM    107  0.00e+00  0.00e+00 -1.62e+03
 DISTRBEAM    108  0.00e+00  0.00e+00 -1.62e+03
 DISTRBEAM    109  0.00e+00  0.00e+00 -1.62e+03
 DISTRBEAM    110  0.00e+00  0.00e+00 -1.62e+03
 DISTRBEAM    111  0.00e+00  0.00e+00 -1.62e+03
 DISTRBEAM    112  0.00e+00  0.00e+00 -1.62e+03
 DISTRBEAM    113  0.00e+00  0.00e+00 -1.62e+03
 DISTRBEAM    114  0.00e+00  0.00e+00 -1.62e+03
 DISTRBEAM    115  0.00e+00  0.00e+00 -1.62e+03
 DISTRBEAM    116  0.00e+00  0.00e+00 -1.62e+03
 DISTRBEAM    117  0.00e+00  0.00e+00 -1.62e+03
 DISTRBEAM    118  0.00e+00  0.00e+00 -1.62e+03
 DISTRBEAM    119  0.00e+00  0.00e+00 -1.62e+03
 DISTRBEAM    120  0.00e+00  0.00e+00 -1.62e+03
 DISTRBEAM    121  0.00e+00  0.00e+00 -1.62e+03
 DISTRBEAM    122  0.00e+00  0.00e+00 -1.62e+03
 DISTRBEAM    123  0.00e+00  0.00e+00 -1.62e+03
 DISTRBEAM    124  0.00e+00  0.00e+00 -1.62e+03
 DISTRBEAM    125  0.00e+00  0.00e+00 -1.62e+03
 DISTRBEAM    126  0.00e+00  0.00e+00 -1.62e+03
 DISTRBEAM    127  0.00e+00  0.00e+00 -1.62e+03
 DISTRBEAM    128  0.00e+00  0.00e+00 -1.62e+03
 DISTRBEAM    129  0.00e+00  0.00e+00 -1.62e+03
 DISTRBEAM    130  0.00e+00  0.00e+00 -1.62e+03
 DISTRBEAM    131  0.00e+00  0.00e+00 -1.62e+03
 DISTRBEAM    132  0.00e+00  0.00e+00 -1.62e+03
 DISTRBEAM    133  0.00e+00  0.00e+00 -1.62e+03
 DISTRBEAM    134  0.00e+00  0.00e+00 -1.62e+03
 DISTRBEAM    135  0.00e+00  0.00e+00 -1.62e+03
 DISTRBEAM    136  0.00e+00  0.00e+00 -1.62e+03
 DISTRBEAM    137  0.00e+00  0.00e+00 -1.62e+03
 DISTRBEAM    138  0.00e+00  0.00e+00 -1.62e+03
 DISTRBEAM    139  0.00e+00  0.00e+00 -1.62e+03
 DISTRBEAM    140  0.00e+00  0.00e+00 -1.62e+03
 DISTRBEAM    141  0.00e+00  0.00e+00 -1.62e+03
 DISTRBEAM    142  0.00e+00  0.00e+00 -1.62e+03
 DISTRBEAM    143  0.00e+00  0.00e+00 -1.62e+03
 DISTRBEAM    144  0.00e+00  0.00e+00 -1.62e+03
 DISTRBEAM    145  0.00e+00  0.00e+00 -1.62e+03
 DISTRBEAM    146  0.00e+00  0.00e+00 -1.62e+03
 DISTRBEAM    147  0.00e+00  0.00e+00 -1.62e+03
 DISTRBEAM    148  0.00e+00  0.00e+00 -1.62e+03
 DISTRBEAM    149  0.00e+00  0.00e+00 -1.62e+03
 DISTRBEAM    150  0.00e+00  0.00e+00 -1.62e+03
 DISTRBEAM    151  0.00e+00  0.00e+00 -1.62e+03
 DISTRBEAM    152  0.00e+00  0.00e+00 -1.62e+03
 DISTRBEAM    153  0.00e+00  0.00e+00 -1.62e+03
 DISTRBEAM    154  0.00e+00  0.00e+00 -1.62e+03
 DISTRBEAM    155  0.00e+00  0.00e+00 -1.62e+03
 DISTRBEAM    156  0.00e+00  0.00e+00 -1.62e+03
 DISTRBEAM    157  0.00e+00  0.00e+00 -1.62e+03
 DISTRBEAM    158  0.00e+00  0.00e+00 -1.62e+03
 DISTRBEAM    159  0.00e+00  0.00e+00 -1.62e+03
 DISTRBEAM    160  0.00e+00  0.00e+00 -1.62e+03
 DISTRBEAM    161  0.00e+00  0.00e+00 -1.62e+03
 DISTRBEAM    162  0.00e+00  0.00e+00 -1.62e+03
 DISTRBEAM    163  0.00e+00  0.00e+00 -1.62e+03
 DISTRBEAM    164  0.00e+00  0.00e+00 -1.62e+03
 DISTRBEAM    165  0.00e+00  0.00e+00 -1.62e+03
 DISTRBEAM    166  0.00e+00  0.00e+00 -1.62e+03
 DISTRBEAM    167  0.00e+00  0.00e+00 -1.62e+03
 DISTRBEAM    168  0.00e+00  0.00e+00 -1.62e+03
 DISTRBEAM    169  0.00e+00  0.00e+00 -1.62e+03
 DISTRBEAM    170  0.00e+00  0.00e+00 -1.62e+03
 DISTRBEAM    171  0.00e+00  0.00e+00 -1.62e+03
 DISTRBEAM    172  0.00e+00  0.00e+00 -1.62e+03
 DISTRBEAM    173  0.00e+00  0.00e+00 -1.62e+03
 DISTRBEAM    174  0.00e+00  0.00e+00 -1.62e+03
 DISTRBEAM    175  0.00e+00  0.00e+00 -1.62e+03
 DISTRBEAM    176  0.00e+00  0.00e+00 -1.62e+03
 DISTRBEAM    177  0.00e+00  0.00e+00 -1.62e+03
 DISTRBEAM    178  0.00e+00  0.00e+00 -1.62e+03
 DISTRBEAM    179  0.00e+00  0.00e+00 -1.62e+03
 DISTRBEAM    180  0.00e+00  0.00e+00 -1.62e+03
 DISTRBEAM    181  0.00e+00  0.00e+00 -1.62e+03
 DISTRBEAM    182  0.00e+00  0.00e+00 -1.62e+03
 DISTRBEAM    183  0.00e+00  0.00e+00 -1.62e+03
 DISTRBEAM    184  0.00e+00  0.00e+00 -1.62e+03
 DISTRBEAM    185  0.00e+00  0.00e+00 -1.62e+03
 DISTRBEAM    186  0.00e+00  0.00e+00 -1.62e+03
 DISTRBEAM    187  0.00e+00  0.00e+00 -1.62e+03
 DISTRBEAM    188  0.00e+00  0.00e+00 -1.62e+03
 DISTRBEAM    189  0.00e+00  0.00e+00 -1.62e+03
 DISTRBEAM    190  0.00e+00  0.00e+00 -1.44e+02
 DISTRBEAM    191  0.00e+00  0.00e+00 -1.44e+02
 DISTRBEAM    192  0.00e+00  0.00e+00 -1.44e+02
 DISTRBEAM    193  0.00e+00  0.00e+00 -1.44e+02
 DISTRBEAM    194  0.00e+00  0.00e+00 -1.44e+02
 DISTRBEAM    195  0.00e+00  0.00e+00 -1.44e+02
 DISTRBEAM    196  0.00e+00  0.00e+00 -1.44e+02
 DISTRBEAM    197  0.00e+00  0.00e+00 -1.44e+02
 DISTRBEAM    198  0.00e+00  0.00e+00 -1.44e+02
 DISTRBEAM    199  0.00e+00  0.00e+00 -1.44e+02
 DISTRBEAM    200  0.00e+00  0.00e+00 -1.44e+02
 DISTRBEAM    201  0.00e+00  0.00e+00 -1.44e+02
 DISTRBEAM    202  0.00e+00  0.00e+00 -1.44e+02
 DISTRBEAM    203  0.00e+00  0.00e+00 -1.44e+02
 DISTRBEAM    204  0.00e+00  0.00e+00 -1.44e+02
 DISTRBEAM    205  0.00e+00  0.00e+00 -1.44e+02
 DISTRBEAM    206  0.00e+00  0.00e+00 -1.44e+02
 DISTRBEAM    207  0.00e+00  0.00e+00 -1.44e+02
 DISTRBEAM    208  0.00e+00  0.00e+00 -1.44e+02
 DISTRBEAM    209  0.00e+00  0.00e+00 -1.44e+02
 DISTRBEAM    210  0.00e+00  0.00e+00 -1.44e+02
 DISTRBEAM    211  0.00e+00  0.00e+00 -1.44e+02
 DISTRBEAM    212  0.00e+00  0.00e+00 -1.44e+02
 DISTRBEAM    213  0.00e+00  0.00e+00 -1.44e+02
 DISTRBEAM    214  0.00e+00  0.00e+00 -1.44e+02
 DISTRBEAM    215  0.00e+00  0.00e+00 -1.44e+02
 DISTRBEAM    216  0.00e+00  0.00e+00 -1.44e+02
 DISTRBEAM    217  0.00e+00  0.00e+00 -1.44e+02
 DISTRBEAM    218  0.00e+00  0.00e+00 -1.44e+02
 DISTRBEAM    219  0.00e+00  0.00e+00 -1.44e+02
 DISTRBEAM    220  0.00e+00  0.00e+00 -2.88e+02
 DISTRBEAM    221  0.00e+00  0.00e+00 -2.88e+02
 DISTRBEAM    222  0.00e+00  0.00e+00 -2.88e+02
 DISTRBEAM    223  0.00e+00  0.00e+00 -2.88e+02
 DISTRBEAM    224  0.00e+00  0.00e+00 -2.88e+02
 DISTRBEAM    225  0.00e+00  0.00e+00 -2.88e+02
 DISTRBEAM    226  0.00e+00  0.00e+00 -1.50e+04
 DISTRBEAM    227  0.00e+00  0.00e+00 -1.50e+04
 DISTRBEAM    228  0.00e+00  0.00e+00 -1.50e+04
 DISTRBEAM    229  0.00e+00  0.00e+00 -1.50e+04
 DISTRBEAM    230  0.00e+00  0.00e+00 -1.50e+04
 DISTRBEAM    231  0.00e+00  0.00e+00 -1.50e+04
 DISTRBEAM    232  0.00e+00  0.00e+00 -1.48e+04
 DISTRBEAM    233  0.00e+00  0.00e+00 -1.48e+04
 DISTRBEAM    234  0.00e+00  0.00e+00 -1.48e+04
 DISTRBEAM    235  0.00e+00  0.00e+00 -1.48e+04
 DISTRBEAM    236  0.00e+00  0.00e+00 -1.48e+04
 DISTRBEAM    237  0.00e+00  0.00e+00 -1.48e+04
 DISTRBEAM    238  0.00e+00  0.00e+00 -1.48e+04
 DISTRBEAM    239  0.00e+00  0.00e+00 -1.48e+04
 DISTRBEAM    240  0.00e+00  0.00e+00 -1.48e+04
 DISTRBEAM    241  0.00e+00  0.00e+00 -1.48e+04
 DISTRBEAM    242  0.00e+00  0.00e+00 -1.48e+04
 DISTRBEAM    243  0.00e+00  0.00e+00 -1.48e+04
 DISTRBEAM    244  0.00e+00  0.00e+00 -1.48e+04
 DISTRBEAM    245  0.00e+00  0.00e+00 -1.48e+04
 DISTRBEAM    246  0.00e+00  0.00e+00 -1.48e+04
 DISTRBEAM    247  0.00e+00  0.00e+00 -1.50e+04
 DISTRBEAM    248  0.00e+00  0.00e+00 -1.50e+04
 DISTRBEAM    249  0.00e+00  0.00e+00 -1.50e+04
 DISTRBEAM    250  0.00e+00  0.00e+00 -1.50e+04
 DISTRBEAM    251  0.00e+00  0.00e+00 -1.50e+04
 DISTRBEAM    252  0.00e+00  0.00e+00 -1.50e+04
 DISTRBEAM    253  0.00e+00  0.00e+00 -1.50e+04
 DISTRBEAM    254  0.00e+00  0.00e+00 -1.50e+04
 DISTRBEAM    255  0.00e+00  0.00e+00 -1.50e+04
 DISTRBEAM    256  0.00e+00  0.00e+00 -1.50e+04
 DISTRBEAM    257  0.00e+00  0.00e+00 -1.50e+04
 DISTRBEAM    258  0.00e+00  0.00e+00 -1.50e+04
 DISTRBEAM    259  0.00e+00  0.00e+00 -1.50e+04
 DISTRBEAM    260  0.00e+00  0.00e+00 -1.50e+04
 DISTRBEAM    261  0.00e+00  0.00e+00 -1.50e+04
 DISTRBEAM    262  0.00e+00  0.00e+00 -1.50e+04
 DISTRBEAM    263  0.00e+00  0.00e+00 -1.50e+04
 DISTRBEAM    264  0.00e+00  0.00e+00 -1.50e+04
 DISTRBEAM    265  0.00e+00  0.00e+00 -1.50e+04
 DISTRBEAM    266  0.00e+00  0.00e+00 -1.50e+04
 DISTRBEAM    267  0.00e+00  0.00e+00 -1.50e+04
 DISTRBEAM    268  0.00e+00  0.00e+00 -1.50e+04
 DISTRBEAM    269  0.00e+00  0.00e+00 -1.50e+04
 DISTRBEAM    270  0.00e+00  0.00e+00 -1.50e+04
 DISTRBEAM    271  0.00e+00  0.00e+00 -1.50e+04
 DISTRBEAM    272  0.00e+00  0.00e+00 -1.50e+04
 DISTRBEAM    273  0.00e+00  0.00e+00 -1.50e+04
  END_LOAD
      MASS
    M_NODE      6   0.00e+00   0.00e+00   5.10e+04   0.00e+00   0.00e+00   0.00e+00   0.00e+00
    M_NODE     51   0.00e+00   0.00e+00   5.10e+04   0.00e+00   0.00e+00   0.00e+00   0.00e+00
    M_NODE     60   0.00e+00   0.00e+00   5.10e+04   0.00e+00   0.00e+00   0.00e+00   0.00e+00
    M_NODE     99   0.00e+00   0.00e+00   5.10e+04   0.00e+00   0.00e+00   0.00e+00   0.00e+00
    M_NODE    157   0.00e+00   0.00e+00   5.10e+04   0.00e+00   0.00e+00   0.00e+00   0.00e+00
    M_NODE    193   0.00e+00   0.00e+00   5.10e+04   0.00e+00   0.00e+00   0.00e+00   0.00e+00
    M_NODE    204   0.00e+00   0.00e+00   5.10e+04   0.00e+00   0.00e+00   0.00e+00   0.00e+00
    M_NODE    218   0.00e+00   0.00e+00   5.10e+04   0.00e+00   0.00e+00   0.00e+00   0.00e+00
    M_NODE    246   0.00e+00   0.00e+00   5.10e+04   0.00e+00   0.00e+00   0.00e+00   0.00e+00
    M_BEAM      1   4.79e+01   2.00e+00
    M_BEAM      2   4.79e+01   2.00e+00
    M_BEAM      3   4.79e+01   2.00e+00
    M_BEAM      4   4.79e+01   2.00e+00
    M_BEAM      5   4.79e+01   2.00e+00
    M_BEAM      6   4.79e+01   2.00e+00
    M_BEAM      7   4.79e+01   2.00e+00
    M_BEAM      8   4.79e+01   2.00e+00
    M_BEAM      9   4.79e+01   2.00e+00
    M_BEAM     10   4.79e+01   2.00e+00
    M_BEAM     11   4.79e+01   2.00e+00
    M_BEAM     12   4.79e+01   2.00e+00
    M_BEAM     13   4.79e+01   2.00e+00
    M_BEAM     14   4.79e+01   2.00e+00
    M_BEAM     15   4.79e+01   2.00e+00
    M_BEAM     16   4.79e+01   2.00e+00
    M_BEAM     17   4.79e+01   2.00e+00
    M_BEAM     18   4.79e+01   2.00e+00
    M_BEAM     19   4.79e+01   2.00e+00
    M_BEAM     20   4.79e+01   2.00e+00
    M_BEAM     21   4.79e+01   2.00e+00
    M_BEAM     22   4.79e+01   2.00e+00
    M_BEAM     23   4.79e+01   2.00e+00
    M_BEAM     24   4.79e+01   2.00e+00
    M_BEAM     25   4.79e+01   2.00e+00
    M_BEAM     26   4.79e+01   2.00e+00
    M_BEAM     27   4.79e+01   2.00e+00
    M_BEAM     28   4.79e+01   2.00e+00
    M_BEAM     29   4.79e+01   2.00e+00
    M_BEAM     30   4.79e+01   2.00e+00
    M_BEAM     31   4.79e+01   2.00e+00
    M_BEAM     32   4.79e+01   2.00e+00
    M_BEAM     33   4.79e+01   2.00e+00
    M_BEAM     34   4.79e+01   2.00e+00
    M_BEAM     35   4.79e+01   2.00e+00
    M_BEAM     36   4.79e+01   2.00e+00
    M_BEAM     37   4.79e+01   2.00e+00
    M_BEAM     38   4.79e+01   2.00e+00
    M_BEAM     39   4.79e+01   2.00e+00
    M_BEAM     40   4.79e+01   2.00e+00
    M_BEAM     41   4.79e+01   2.00e+00
    M_BEAM     42   4.79e+01   2.00e+00
    M_BEAM     43   4.79e+01   2.00e+00
    M_BEAM     44   4.79e+01   2.00e+00
    M_BEAM     45   4.79e+01   2.00e+00
    M_BEAM     46   1.65e+02   2.00e+00
    M_BEAM     47   1.65e+02   2.00e+00
    M_BEAM     48   1.65e+02   2.00e+00
    M_BEAM     49   1.65e+02   2.00e+00
    M_BEAM     50   1.65e+02   2.00e+00
    M_BEAM     51   1.65e+02   2.00e+00
    M_BEAM     52   1.65e+02   2.00e+00
    M_BEAM     53   1.65e+02   2.00e+00
    M_BEAM     54   1.65e+02   2.00e+00
    M_BEAM     55   1.65e+02   2.00e+00
    M_BEAM     56   1.65e+02   2.00e+00
    M_BEAM     57   1.65e+02   2.00e+00
    M_BEAM     58   1.65e+02   2.00e+00
    M_BEAM     59   1.65e+02   2.00e+00
    M_BEAM     60   1.65e+02   2.00e+00
    M_BEAM     61   1.65e+02   2.00e+00
    M_BEAM     62   1.65e+02   2.00e+00
    M_BEAM     63   1.65e+02   2.00e+00
    M_BEAM     64   1.65e+02   2.00e+00
    M_BEAM     65   1.65e+02   2.00e+00
    M_BEAM     66   1.65e+02   2.00e+00
    M_BEAM     67   1.65e+02   2.00e+00
    M_BEAM     68   1.65e+02   2.00e+00
    M_BEAM     69   1.65e+02   2.00e+00
    M_BEAM     70   1.65e+02   2.00e+00
    M_BEAM     71   1.65e+02   2.00e+00
    M_BEAM     72   1.65e+02   2.00e+00
    M_BEAM     73   1.65e+02   2.00e+00
    M_BEAM     74   1.65e+02   2.00e+00
    M_BEAM     75   1.65e+02   2.00e+00
    M_BEAM     76   1.65e+02   2.00e+00
    M_BEAM     77   1.65e+02   2.00e+00
    M_BEAM     78   1.65e+02   2.00e+00
    M_BEAM     79   1.65e+02   2.00e+00
    M_BEAM     80   1.65e+02   2.00e+00
    M_BEAM     81   1.65e+02   2.00e+00
    M_BEAM     82   1.65e+02   2.00e+00
    M_BEAM     83   1.65e+02   2.00e+00
    M_BEAM     84   1.65e+02   2.00e+00
    M_BEAM     85   1.65e+02   2.00e+00
    M_BEAM     86   1.65e+02   2.00e+00
    M_BEAM     87   1.65e+02   2.00e+00
    M_BEAM     88   1.65e+02   2.00e+00
    M_BEAM     89   1.65e+02   2.00e+00
    M_BEAM     90   1.65e+02   2.00e+00
    M_BEAM     91   1.65e+02   2.00e+00
    M_BEAM     92   1.65e+02   2.00e+00
    M_BEAM     93   1.65e+02   2.00e+00
    M_BEAM     94   1.65e+02   2.00e+00
    M_BEAM     95   1.65e+02   2.00e+00
    M_BEAM     96   1.65e+02   2.00e+00
    M_BEAM     97   1.65e+02   2.00e+00
    M_BEAM     98   1.65e+02   2.00e+00
    M_BEAM     99   1.65e+02   2.00e+00
    M_BEAM    100   1.65e+02   2.00e+00
    M_BEAM    101   1.65e+02   2.00e+00
    M_BEAM    102   1.65e+02   2.00e+00
    M_BEAM    103   1.65e+02   2.00e+00
    M_BEAM    104   1.65e+02   2.00e+00
    M_BEAM    105   1.65e+02   2.00e+00
    M_BEAM    106   1.65e+02   2.00e+00
    M_BEAM    107   1.65e+02   2.00e+00
    M_BEAM    108   1.65e+02   2.00e+00
    M_BEAM    109   1.65e+02   2.00e+00
    M_BEAM    110   1.65e+02   2.00e+00
    M_BEAM    111   1.65e+02   2.00e+00
    M_BEAM    112   1.65e+02   2.00e+00
    M_BEAM    113   1.65e+02   2.00e+00
    M_BEAM    114   1.65e+02   2.00e+00
    M_BEAM    115   1.65e+02   2.00e+00
    M_BEAM    116   1.65e+02   2.00e+00
    M_BEAM    117   1.65e+02   2.00e+00
    M_BEAM    118   1.65e+02   2.00e+00
    M_BEAM    119   1.65e+02   2.00e+00
    M_BEAM    120   1.65e+02   2.00e+00
    M_BEAM    121   1.65e+02   2.00e+00
    M_BEAM    122   1.65e+02   2.00e+00
    M_BEAM    123   1.65e+02   2.00e+00
    M_BEAM    124   1.65e+02   2.00e+00
    M_BEAM    125   1.65e+02   2.00e+00
    M_BEAM    126   1.65e+02   2.00e+00
    M_BEAM    127   1.65e+02   2.00e+00
    M_BEAM    128   1.65e+02   2.00e+00
    M_BEAM    129   1.65e+02   2.00e+00
    M_BEAM    130   1.65e+02   2.00e+00
    M_BEAM    131   1.65e+02   2.00e+00
    M_BEAM    132   1.65e+02   2.00e+00
    M_BEAM    133   1.65e+02   2.00e+00
    M_BEAM    134   1.65e+02   2.00e+00
    M_BEAM    135   1.65e+02   2.00e+00
    M_BEAM    136   1.65e+02   2.00e+00
    M_BEAM    137   1.65e+02   2.00e+00
    M_BEAM    138   1.65e+02   2.00e+00
    M_BEAM    139   1.65e+02   2.00e+00
    M_BEAM    140   1.65e+02   2.00e+00
    M_BEAM    141   1.65e+02   2.00e+00
    M_BEAM    142   1.65e+02   2.00e+00
    M_BEAM    143   1.65e+02   2.00e+00
    M_BEAM    144   1.65e+02   2.00e+00
    M_BEAM    145   1.65e+02   2.00e+00
    M_BEAM    146   1.65e+02   2.00e+00
    M_BEAM    147   1.65e+02   2.00e+00
    M_BEAM    148   1.65e+02   2.00e+00
    M_BEAM    149   1.65e+02   2.00e+00
    M_BEAM    150   1.65e+02   2.00e+00
    M_BEAM    151   1.65e+02   2.00e+00
    M_BEAM    152   1.65e+02   2.00e+00
    M_BEAM    153   1.65e+02   2.00e+00
    M_BEAM    154   1.65e+02   2.00e+00
    M_BEAM    155   1.65e+02   2.00e+00
    M_BEAM    156   1.65e+02   2.00e+00
    M_BEAM    157   1.65e+02   2.00e+00
    M_BEAM    158   1.65e+02   2.00e+00
    M_BEAM    159   1.65e+02   2.00e+00
    M_BEAM    160   1.65e+02   2.00e+00
    M_BEAM    161   1.65e+02   2.00e+00
    M_BEAM    162   1.65e+02   2.00e+00
    M_BEAM    163   1.65e+02   2.00e+00
    M_BEAM    164   1.65e+02   2.00e+00
    M_BEAM    165   1.65e+02   2.00e+00
    M_BEAM    166   1.65e+02   2.00e+00
    M_BEAM    167   1.65e+02   2.00e+00
    M_BEAM    168   1.65e+02   2.00e+00
    M_BEAM    169   1.65e+02   2.00e+00
    M_BEAM    170   1.65e+02   2.00e+00
    M_BEAM    171   1.65e+02   2.00e+00
    M_BEAM    172   1.65e+02   2.00e+00
    M_BEAM    173   1.65e+02   2.00e+00
    M_BEAM    174   1.65e+02   2.00e+00
    M_BEAM    175   1.65e+02   2.00e+00
    M_BEAM    176   1.65e+02   2.00e+00
    M_BEAM    177   1.65e+02   2.00e+00
    M_BEAM    178   1.65e+02   2.00e+00
    M_BEAM    179   1.65e+02   2.00e+00
    M_BEAM    180   1.65e+02   2.00e+00
    M_BEAM    181   1.65e+02   2.00e+00
    M_BEAM    182   1.65e+02   2.00e+00
    M_BEAM    183   1.65e+02   2.00e+00
    M_BEAM    184   1.65e+02   2.00e+00
    M_BEAM    185   1.65e+02   2.00e+00
    M_BEAM    186   1.65e+02   2.00e+00
    M_BEAM    187   1.65e+02   2.00e+00
    M_BEAM    188   1.65e+02   2.00e+00
    M_BEAM    189   1.65e+02   2.00e+00
    M_BEAM    190   1.47e+01   2.00e+00
    M_BEAM    191   1.47e+01   2.00e+00
    M_BEAM    192   1.47e+01   2.00e+00
    M_BEAM    193   1.47e+01   2.00e+00
    M_BEAM    194   1.47e+01   2.00e+00
    M_BEAM    195   1.47e+01   2.00e+00
    M_BEAM    196   1.47e+01   2.00e+00
    M_BEAM    197   1.47e+01   2.00e+00
    M_BEAM    198   1.47e+01   2.00e+00
    M_BEAM    199   1.47e+01   2.00e+00
    M_BEAM    200   1.47e+01   2.00e+00
    M_BEAM    201   1.47e+01   2.00e+00
    M_BEAM    202   1.47e+01   2.00e+00
    M_BEAM    203   1.47e+01   2.00e+00
    M_BEAM    204   1.47e+01   2.00e+00
    M_BEAM    205   1.47e+01   2.00e+00
    M_BEAM    206   1.47e+01   2.00e+00
    M_BEAM    207   1.47e+01   2.00e+00
    M_BEAM    208   1.47e+01   2.00e+00
    M_BEAM    209   1.47e+01   2.00e+00
    M_BEAM    210   1.47e+01   2.00e+00
    M_BEAM    211   1.47e+01   2.00e+00
    M_BEAM    212   1.47e+01   2.00e+00
    M_BEAM    213   1.47e+01   2.00e+00
    M_BEAM    214   1.47e+01   2.00e+00
    M_BEAM    215   1.47e+01   2.00e+00
    M_BEAM    216   1.47e+01   2.00e+00
    M_BEAM    217   1.47e+01   2.00e+00
    M_BEAM    218   1.47e+01   2.00e+00
    M_BEAM    219   1.47e+01   2.00e+00
    M_BEAM    220   2.94e+01   2.00e+00
    M_BEAM    221   2.94e+01   2.00e+00
    M_BEAM    222   2.94e+01   2.00e+00
    M_BEAM    223   2.94e+01   2.00e+00
    M_BEAM    224   2.94e+01   2.00e+00
    M_BEAM    225   2.94e+01   2.00e+00
    M_BEAM    226   1.53e+03   2.00e+00
    M_BEAM    227   1.53e+03   2.00e+00
    M_BEAM    228   1.53e+03   2.00e+00
    M_BEAM    229   1.53e+03   2.00e+00
    M_BEAM    230   1.53e+03   2.00e+00
    M_BEAM    231   1.53e+03   2.00e+00
    M_BEAM    232   1.51e+03   2.00e+00
    M_BEAM    233   1.51e+03   2.00e+00
    M_BEAM    234   1.51e+03   2.00e+00
    M_BEAM    235   1.51e+03   2.00e+00
    M_BEAM    236   1.51e+03   2.00e+00
    M_BEAM    237   1.51e+03   2.00e+00
    M_BEAM    238   1.51e+03   2.00e+00
    M_BEAM    239   1.51e+03   2.00e+00
    M_BEAM    240   1.51e+03   2.00e+00
    M_BEAM    241   1.51e+03   2.00e+00
    M_BEAM    242   1.51e+03   2.00e+00
    M_BEAM    243   1.51e+03   2.00e+00
    M_BEAM    244   1.51e+03   2.00e+00
    M_BEAM    245   1.51e+03   2.00e+00
    M_BEAM    246   1.51e+03   2.00e+00
    M_BEAM    247   1.53e+03   2.00e+00
    M_BEAM    248   1.53e+03   2.00e+00
    M_BEAM    249   1.53e+03   2.00e+00
    M_BEAM    250   1.53e+03   2.00e+00
    M_BEAM    251   1.53e+03   2.00e+00
    M_BEAM    252   1.53e+03   2.00e+00
    M_BEAM    253   1.53e+03   2.00e+00
    M_BEAM    254   1.53e+03   2.00e+00
    M_BEAM    255   1.53e+03   2.00e+00
    M_BEAM    256   1.53e+03   2.00e+00
    M_BEAM    257   1.53e+03   2.00e+00
    M_BEAM    258   1.53e+03   2.00e+00
    M_BEAM    259   1.53e+03   2.00e+00
    M_BEAM    260   1.53e+03   2.00e+00
    M_BEAM    261   1.53e+03   2.00e+00
    M_BEAM    262   1.53e+03   2.00e+00
    M_BEAM    263   1.53e+03   2.00e+00
    M_BEAM    264   1.53e+03   2.00e+00
    M_BEAM    265   1.53e+03   2.00e+00
    M_BEAM    266   1.53e+03   2.00e+00
    M_BEAM    267   1.53e+03   2.00e+00
    M_BEAM    268   1.53e+03   2.00e+00
    M_BEAM    269   1.53e+03   2.00e+00
    M_BEAM    270   1.53e+03   2.00e+00
    M_BEAM    271   1.53e+03   2.00e+00
    M_BEAM    272   1.53e+03   2.00e+00
    M_BEAM    273   1.53e+03   2.00e+00
  END_MASS
 MATERIALS
STEELEC3
           2.10e+11   3.00e-01   2.35e+08  1200.   0.
STEELEC3
           2.10e+11   3.00e-01   3.55e+08  1200.   0.
STEELEC3
           2.10e+11   3.00e-01   4.20e+08  1200.   0.
      TIME
      10.0     1800.0       36.0
   ENDTIME
     EPSTH
IMPRESSION
 TIMEPRINT
      10.0     1800.0
END_TIMEPR
PRINTTMPRT
PRINTREACT
   PRINTMN
   PRNEIBEAM
